0.1
0.10020000000000001
0.1004
0.10060000000000001
0.1008
0.101
0.10120000000000001
0.1014
0.10160000000000001
0.1018
0.10200000000000001
0.1022
0.1024
0.10260000000000001
0.1028
0.10300000000000001
0.1032
0.1034
0.10360000000000001
0.1038
0.10400000000000001
0.1042
0.1044
0.10460000000000001
0.1048
0.10500000000000001
0.1052
0.10540000000000001
0.1056
0.1058
0.10600000000000001
0.1062
0.10640000000000001
0.1066
0.1068
0.10700000000000001
0.1072
0.10740000000000001
0.1076
0.1078
0.10800000000000001
0.1082
0.10840000000000001
0.1086
0.10880000000000001
0.10900000000000001
0.1092
0.10940000000000001
0.1096
0.10980000000000001
0.11000000000000001
0.1102
0.11040000000000001
0.1106
0.11080000000000001
0.11100000000000002
0.11120000000000001
0.1114
0.1116
0.11180000000000001
0.112
0.11220000000000001
0.1124
0.1126
0.11280000000000001
0.113
0.11320000000000001
0.1134
0.1136
0.11380000000000001
0.114
0.11420000000000001
0.1144
0.11460000000000001
0.11480000000000001
0.115
0.11520000000000001
0.1154
0.11560000000000001
0.11580000000000001
0.116
0.11620000000000001
0.1164
0.11660000000000001
0.11680000000000001
0.117
0.11720000000000001
0.1174
0.11760000000000001
0.1178
0.11800000000000001
0.1182
0.1184
0.11860000000000001
0.1188
0.11900000000000001
0.1192
0.1194
0.11960000000000001
0.1198
0.12000000000000001
0.1202
0.12040000000000001
0.12060000000000001
0.1208
0.12100000000000001
0.1212
0.12140000000000001
0.12160000000000001
0.1218
0.12200000000000001
0.1222
0.12240000000000001
0.1226
0.1228
0.123
0.1232
0.12340000000000001
0.12360000000000002
0.12380000000000001
0.124
0.1242
0.12440000000000001
0.1246
0.12480000000000001
0.125
0.1252
0.1254
0.12560000000000002
0.12580000000000002
0.126
0.1262
0.1264
0.12660000000000002
0.12680000000000002
0.127
0.1272
0.1274
0.1276
0.1278
0.128
0.1282
0.12840000000000001
0.1286
0.12880000000000003
0.129
0.1292
0.12940000000000002
0.1296
0.1298
0.13
0.1302
0.13040000000000002
0.1306
0.1308
0.131
0.1312
0.13140000000000002
0.1316
0.1318
0.132
0.1322
0.13240000000000002
0.1326
0.1328
0.133
0.1332
0.13340000000000002
0.1336
0.1338
0.134
0.1342
0.13440000000000002
0.1346
0.1348
0.135
0.13520000000000001
0.13540000000000002
0.1356
0.1358
0.136
0.13620000000000002
0.13640000000000002
0.1366
0.1368
0.137
0.13720000000000002
0.13740000000000002
0.1376
0.1378
0.138
0.1382
0.13840000000000002
0.1386
0.1388
0.139
0.13920000000000002
0.13940000000000002
0.1396
0.1398
0.14
0.1402
0.14040000000000002
0.1406
0.1408
0.14100000000000001
0.1412
0.1414
0.1416
0.1418
0.14200000000000002
0.1422
0.14240000000000003
0.1426
0.1428
0.14300000000000002
0.14320000000000002
0.1434
0.1436
0.1438
0.14400000000000002
0.1442
0.1444
0.1446
0.1448
0.14500000000000002
0.1452
0.1454
0.1456
0.1458
0.14600000000000002
0.1462
0.1464
0.1466
0.1468
0.14700000000000002
0.1472
0.1474
0.1476
0.14780000000000001
0.148
0.1482
0.1484
0.1486
0.14880000000000002
0.14900000000000002
0.1492
0.1494
0.1496
0.14980000000000002
0.15000000000000002
0.1502
0.1504
0.1506
0.15080000000000002
0.15100000000000002
0.1512
0.1514
0.1516
0.15180000000000002
0.15200000000000002
0.1522
0.1524
0.1526
0.15280000000000002
0.153
0.1532
0.1534
0.15360000000000001
0.15380000000000002
0.15400000000000003
0.1542
0.1544
0.15460000000000002
0.15480000000000002
0.15500000000000003
0.1552
0.1554
0.15560000000000002
0.15580000000000002
0.156
0.1562
0.1564
0.15660000000000002
0.1568
0.15700000000000003
0.1572
0.1574
0.15760000000000002
0.1578
0.158
0.1582
0.1584
0.15860000000000002
0.1588
0.15900000000000003
0.1592
0.15940000000000001
0.15960000000000002
0.15980000000000003
0.16
0.1602
0.16040000000000001
0.16060000000000002
0.16080000000000003
0.161
0.1612
0.16140000000000002
0.16160000000000002
0.1618
0.162
0.1622
0.16240000000000002
0.16260000000000002
0.1628
0.163
0.1632
0.1634
0.16360000000000002
0.1638
0.16400000000000003
0.1642
0.1644
0.16460000000000002
0.1648
0.165
0.1652
0.1654
0.16560000000000002
0.1658
0.16599999999999998
0.16620000000000001
0.1664
0.16660000000000003
0.1668
0.167
0.16720000000000002
0.1674
0.16760000000000003
0.1678
0.16799999999999998
0.16820000000000002
0.1684
0.16860000000000003
0.1688
0.169
0.16920000000000002
0.1694
0.1696
0.1698
0.16999999999999998
0.17020000000000002
0.1704
0.1706
0.1708
0.17099999999999999
0.17120000000000002
0.1714
0.1716
0.1718
0.17200000000000001
0.17220000000000002
0.1724
0.17260000000000003
0.1728
0.173
0.17320000000000002
0.1734
0.17360000000000003
0.1738
0.17400000000000002
0.1742
0.1744
0.1746
0.1748
0.17500000000000002
0.17520000000000002
0.1754
0.1756
0.1758
0.176
0.17620000000000002
0.1764
0.1766
0.1768
0.17700000000000002
0.17720000000000002
0.1774
0.1776
0.1778
0.178
0.17820000000000003
0.1784
0.1786
0.17880000000000001
0.17900000000000002
0.1792
0.1794
0.1796
0.17980000000000002
0.18000000000000002
0.1802
0.1804
0.1806
0.18080000000000002
0.181
0.1812
0.1814
0.1816
0.18180000000000002
0.182
0.18220000000000003
0.1824
0.1826
0.1828
0.18300000000000002
0.18320000000000003
0.1834
0.1836
0.18380000000000002
0.18400000000000002
0.1842
0.1844
0.18460000000000001
0.18480000000000002
0.185
0.1852
0.1854
0.18560000000000001
0.18580000000000002
0.186
0.1862
0.1864
0.18660000000000002
0.18680000000000002
0.187
0.18720000000000003
0.1874
0.18760000000000002
0.1878
0.18800000000000003
0.1882
0.1884
0.1886
0.18880000000000002
0.18900000000000003
0.1892
0.1894
0.18960000000000002
0.18980000000000002
0.19
0.1902
0.1904
0.19060000000000002
0.19080000000000003
0.191
0.1912
0.19140000000000001
0.19160000000000002
0.1918
0.192
0.19220000000000004
0.19240000000000002
0.19260000000000002
0.1928
0.193
0.1932
0.19340000000000002
0.1936
0.19380000000000003
0.194
0.1942
0.19440000000000002
0.19460000000000002
0.19480000000000003
0.195
0.1952
0.19540000000000002
0.1956
0.19580000000000003
0.196
0.1962
0.19640000000000002
0.1966
0.1968
0.197
0.19720000000000001
0.19740000000000002
0.19760000000000003
0.1978
0.198
0.19820000000000002
0.19840000000000002
0.1986
0.1988
0.199
0.1992
0.19940000000000002
0.19960000000000003
0.1998
0.2
0.20020000000000002
0.20040000000000002
0.2006
0.2008
0.201
0.20120000000000002
0.20140000000000002
0.2016
0.2018
0.202
0.20220000000000002
0.20240000000000002
0.2026
0.20279999999999998
0.203
0.20320000000000002
0.20340000000000003
0.2036
0.2038
0.20400000000000001
0.20420000000000002
0.20440000000000003
0.2046
0.2048
0.20500000000000002
0.20520000000000002
0.2054
0.2056
0.2058
0.206
0.20620000000000002
0.20640000000000003
0.2066
0.2068
0.207
0.20720000000000002
0.20740000000000003
0.2076
0.20779999999999998
0.20800000000000005
0.20820000000000002
0.2084
0.2086
0.2088
0.20900000000000002
0.2092
0.20940000000000003
0.2096
0.2098
0.21000000000000002
0.21020000000000003
0.2104
0.2106
0.21080000000000002
0.211
0.2112
0.21140000000000003
0.2116
0.2118
0.212
0.21220000000000003
0.2124
0.2126
0.2128
0.21300000000000002
0.21320000000000003
0.2134
0.2136
0.21380000000000002
0.21400000000000002
0.2142
0.2144
0.2146
0.2148
0.215
0.21520000000000003
0.2154
0.2156
0.21580000000000002
0.216
0.2162
0.21640000000000004
0.21660000000000001
0.2168
0.21699999999999997
0.21720000000000003
0.2174
0.21760000000000002
0.2178
0.21800000000000003
0.2182
0.2184
0.21860000000000002
0.2188
0.21900000000000003
0.2192
0.2194
0.21960000000000002
0.2198
0.22
0.22020000000000003
0.2204
0.22060000000000002
0.2208
0.221
0.2212
0.2214
0.22160000000000002
0.2218
0.22199999999999998
0.22220000000000004
0.22240000000000001
0.22260000000000002
0.2228
0.22300000000000003
0.2232
0.2234
0.22360000000000002
0.2238
0.224
0.2242
0.22440000000000002
0.22460000000000002
0.2248
0.225
0.2252
0.22540000000000002
0.22560000000000002
0.2258
0.226
0.2262
0.22640000000000002
0.22660000000000002
0.2268
0.22699999999999998
0.2272
0.22740000000000002
0.22760000000000002
0.2278
0.22800000000000004
0.22820000000000001
0.2284
0.22860000000000003
0.2288
0.229
0.22920000000000001
0.22940000000000002
0.22960000000000003
0.2298
0.23
0.23020000000000002
0.2304
0.23060000000000003
0.2308
0.23099999999999998
0.23120000000000002
0.23140000000000002
0.23160000000000003
0.2318
0.23199999999999998
0.23220000000000002
0.23240000000000002
0.23260000000000003
0.2328
0.23300000000000004
0.23320000000000002
0.2334
0.2336
0.2338
0.234
0.2342
0.23440000000000003
0.23460000000000003
0.2348
0.23500000000000001
0.23520000000000002
0.2354
0.23560000000000003
0.2358
0.236
0.2362
0.23640000000000003
0.23660000000000003
0.2368
0.237
0.23720000000000002
0.2374
0.23760000000000003
0.2378
0.23800000000000002
0.23820000000000002
0.2384
0.2386
0.2388
0.23900000000000002
0.2392
0.2394
0.23960000000000004
0.2398
0.24
0.24020000000000002
0.2404
0.2406
0.24080000000000001
0.241
0.2412
0.24140000000000003
0.24160000000000004
0.24180000000000001
0.242
0.24220000000000003
0.2424
0.2426
0.24280000000000002
0.24300000000000002
0.2432
0.2434
0.2436
0.24380000000000002
0.24400000000000002
0.2442
0.2444
0.24460000000000004
0.24480000000000002
0.245
0.24520000000000003
0.2454
0.2456
0.24580000000000002
0.246
0.2462
0.2464
0.24660000000000004
0.24680000000000002
0.247
0.24720000000000003
0.2474
0.24760000000000001
0.24780000000000002
0.24800000000000003
0.2482
0.24839999999999998
0.24860000000000002
0.24880000000000002
0.249
0.2492
0.2494
0.24960000000000002
0.24980000000000002
0.25
0.2502
0.2504
0.25060000000000004
0.2508
0.251
0.2512
0.2514
0.25160000000000005
0.2518
0.252
0.2522
0.2524
0.25260000000000005
0.2528
0.253
0.2532
0.25339999999999996
0.25360000000000005
0.2538
0.254
0.2542
0.2544
0.25460000000000005
0.2548
0.255
0.2552
0.25539999999999996
0.25560000000000005
0.2558
0.256
0.2562
0.2564
0.25660000000000005
0.25680000000000003
0.257
0.2572
0.2574
0.25760000000000005
0.25780000000000003
0.258
0.2582
0.25839999999999996
0.2586
0.25880000000000003
0.259
0.2592
0.2594
0.25960000000000005
0.25980000000000003
0.26
0.2602
0.26039999999999996
0.26059999999999994
0.26080000000000003
0.261
0.2612
0.2614
0.26160000000000005
0.26180000000000003
0.262
0.2622
0.26239999999999997
0.26260000000000006
0.26280000000000003
0.263
0.2632
0.26339999999999997
0.2636
0.26380000000000003
0.264
0.2642
0.2644000000000001
0.26460000000000006
0.26480000000000004
0.265
0.2652
0.26539999999999997
0.26559999999999995
0.26580000000000004
0.266
0.2662
0.2664
0.26660000000000006
0.26680000000000004
0.267
0.2672
0.26739999999999997
0.2676
0.26780000000000004
0.268
0.2682
0.26839999999999997
0.2686
0.26880000000000004
0.269
0.2692
0.26940000000000003
0.26960000000000006
0.26980000000000004
0.27
0.2702
0.2704
0.27059999999999995
0.2708
0.271
0.2712
0.2714
0.27160000000000006
0.27180000000000004
0.272
0.2722
0.2724
0.2726
0.27280000000000004
0.273
0.2732
0.2734
0.2736
0.27380000000000004
0.274
0.2742
0.27440000000000003
0.2746
0.27480000000000004
0.275
0.2752
0.2754
0.27559999999999996
0.2758
0.276
0.2762
0.2764
0.27660000000000007
0.27680000000000005
0.277
0.2772
0.2774
0.2776
0.27780000000000005
0.278
0.2782
0.2784
0.2786
0.27880000000000005
0.279
0.2792
0.27940000000000004
0.2796
0.2798
0.28
0.2802
0.2804
0.28059999999999996
0.2808
0.281
0.2812
0.2814
0.2816
0.28180000000000005
0.28200000000000003
0.2822
0.2824
0.2826
0.28280000000000005
0.28300000000000003
0.2832
0.2834
0.28359999999999996
0.28380000000000005
0.28400000000000003
0.2842
0.28440000000000004
0.2846
0.2848
0.28500000000000003
0.2852
0.2854
0.28559999999999997
0.2858
0.28600000000000003
0.2862
0.2864
0.2866
0.2868
0.28700000000000003
0.2872
0.2874
0.2876
0.28780000000000006
0.28800000000000003
0.2882
0.2884
0.28859999999999997
0.28880000000000006
0.28900000000000003
0.2892
0.28940000000000005
0.2896
0.2898
0.29000000000000004
0.2902
0.2904
0.29059999999999997
0.2908
0.29100000000000004
0.2912
0.2914
0.2916
0.2918
0.292
0.2922
0.2924
0.29259999999999997
0.29280000000000006
0.29300000000000004
0.2932
0.2934
0.29359999999999997
0.2938
0.29400000000000004
0.2942
0.2944
0.29460000000000003
0.2948
0.29500000000000004
0.2952
0.2954
0.2956
0.29579999999999995
0.29600000000000004
0.2962
0.2964
0.29660000000000003
0.2968
0.297
0.2972
0.2974
0.2976
0.29780000000000006
0.29800000000000004
0.2982
0.2984
0.2986
0.2988
0.299
0.2992
0.2994
0.2996
0.2998
0.30000000000000004
0.29984
0.29968
0.29952
0.29936
0.2992
0.29904
0.29888000000000003
0.29872
0.29856000000000005
0.2984
0.29824
0.29808
0.29792
0.29776
0.2976
0.29744000000000004
0.29728
0.29712000000000005
0.29696
0.2968
0.29664
0.29648
0.29632000000000003
0.29616
0.29600000000000004
0.29584
0.29568000000000005
0.29552
0.29536
0.2952
0.29503999999999997
0.29488000000000003
0.29472
0.29456000000000004
0.2944
0.29424
0.29408
0.29392
0.29376
0.29359999999999997
0.29344000000000003
0.29328
0.29312000000000005
0.29296
0.2928
0.29264
0.29248
0.29232
0.29216
0.29200000000000004
0.29184
0.29168000000000005
0.29152
0.29136
0.2912
0.29104
0.29088
0.29072
0.29056000000000004
0.2904
0.29024000000000005
0.29008
0.28992
0.28976
0.28959999999999997
0.28944000000000003
0.28928
0.28912000000000004
0.28896
0.2888
0.28864
0.28848
0.28832
0.28815999999999997
0.28800000000000003
0.28784
0.28768000000000005
0.28752
0.28736
0.2872
0.28704
0.28688
0.28672
0.28656000000000004
0.2864
0.28624000000000005
0.28608
0.28592
0.28576
0.28559999999999997
0.28544
0.28528
0.28512000000000004
0.28496
0.28480000000000005
0.28464
0.28448
0.28432
0.28416
0.28400000000000003
0.28384
0.28368000000000004
0.28352
0.28336000000000006
0.2832
0.28304
0.28288
0.28271999999999997
0.28256000000000003
0.2824
0.28224000000000005
0.28208
0.28192
0.28176
0.2816
0.28144
0.28128
0.28112000000000004
0.28096
0.28080000000000005
0.28064
0.28048
0.28032
0.28016
0.28
0.27984
0.27968000000000004
0.27952
0.27936000000000005
0.2792
0.27904
0.27888
0.27871999999999997
0.27856000000000003
0.2784
0.27824000000000004
0.27808
0.27792
0.27776
0.2776
0.27744
0.27727999999999997
0.27712000000000003
0.27696
0.27680000000000005
0.27664
0.27648
0.27632
0.27616
0.276
0.27584
0.27568000000000004
0.27552
0.27536000000000005
0.2752
0.27504
0.27488
0.27472
0.27456
0.2744
0.27424000000000004
0.27408
0.27392000000000005
0.27376
0.2736
0.27344
0.27328
0.27312000000000003
0.27296
0.27280000000000004
0.27264
0.27248000000000006
0.27232
0.27216
0.272
0.27183999999999997
0.27168000000000003
0.27152
0.27136000000000005
0.2712
0.27104
0.27088
0.27072
0.27056
0.2704
0.27024000000000004
0.27008
0.26992000000000005
0.26976
0.2696
0.26944
0.26928
0.26912
0.26896
0.26880000000000004
0.26864
0.26848000000000005
0.26832
0.26816
0.268
0.26784
0.26768000000000003
0.26752
0.26736000000000004
0.2672
0.26704
0.26688
0.26672
0.26656
0.26639999999999997
0.26624000000000003
0.26608
0.26592000000000005
0.26576
0.26560000000000006
0.26544
0.26528
0.26512
0.26496
0.26480000000000004
0.26464
0.26448000000000005
0.26432
0.26416
0.264
0.26384
0.26368
0.26352
0.26336000000000004
0.2632
0.26304000000000005
0.26288
0.26272
0.26256
0.2624
0.26224000000000003
0.26208
0.26192000000000004
0.26176
0.26160000000000005
0.26144
0.26128
0.26112
0.26095999999999997
0.26080000000000003
0.26064
0.26048000000000004
0.26032
0.26016
0.26
0.25984
0.25968
0.25952000000000003
0.25936000000000003
0.2592
0.25904000000000005
0.25888
0.25872
0.25856
0.2584
0.25824
0.25808
0.25792000000000004
0.25776
0.25760000000000005
0.25744
0.25728
0.25712
0.25696
0.25680000000000003
0.25664
0.25648000000000004
0.25632
0.25616
0.256
0.25584
0.25568
0.25552
0.25536000000000003
0.2552
0.25504000000000004
0.25488
0.25472000000000006
0.25456
0.2544
0.25424
0.25408
0.25392000000000003
0.25376
0.25360000000000005
0.25344
0.25328
0.25312
0.25296
0.2528
0.25264
0.25248000000000004
0.25232
0.25216000000000005
0.252
0.25184
0.25168
0.25152
0.25136000000000003
0.2512
0.25104000000000004
0.25088
0.25072000000000005
0.25056
0.2504
0.25024
0.25007999999999997
0.24992000000000003
0.24976
0.24960000000000002
0.24944000000000002
0.24928
0.24912
0.24896000000000001
0.24880000000000002
0.24864000000000003
0.24848
0.24832
0.24816000000000002
0.248
0.24784000000000003
0.24768
0.24752000000000002
0.24736000000000002
0.2472
0.24704000000000004
0.24688000000000002
0.24672000000000002
0.24656
0.2464
0.24624000000000001
0.24608000000000002
0.24592000000000003
0.24576
0.2456
0.24544000000000002
0.24528
0.24512
0.24496
0.24480000000000002
0.24464000000000002
0.24448000000000003
0.24432
0.24416000000000002
0.244
0.24384000000000003
0.24368
0.24352000000000001
0.24336000000000002
0.2432
0.24304000000000003
0.24288
0.24272000000000002
0.24256
0.2424
0.24224
0.24208
0.24192000000000002
0.24176
0.2416
0.24144000000000002
0.24128000000000002
0.24112
0.24096
0.24080000000000001
0.24064000000000002
0.24048
0.24032
0.24016
0.24
0.23984000000000003
0.23968
0.23952
0.23936000000000002
0.2392
0.23904000000000003
0.23888
0.23872000000000002
0.23856000000000002
0.2384
0.23824
0.23808
0.23792000000000002
0.23776
0.2376
0.23744
0.23728000000000002
0.23712
0.23696000000000003
0.2368
0.23664000000000002
0.23648000000000002
0.23632
0.23616
0.236
0.23584000000000002
0.23568000000000003
0.23552
0.23536
0.23520000000000002
0.23504000000000003
0.23488
0.23472
0.23456000000000002
0.23440000000000003
0.23424
0.23408
0.23392000000000002
0.23376000000000002
0.2336
0.23344
0.23328000000000004
0.23312000000000002
0.23296
0.2328
0.23264
0.23248000000000002
0.23232
0.23216000000000003
0.232
0.23184000000000002
0.23168000000000002
0.23152
0.23136
0.23120000000000002
0.23104000000000002
0.23088
0.23072
0.23056000000000001
0.23040000000000002
0.23024
0.23008000000000003
0.22992
0.22976000000000002
0.2296
0.22944
0.22928000000000004
0.22912
0.22896000000000002
0.2288
0.22864
0.22848000000000002
0.22832
0.22816000000000003
0.228
0.22784000000000001
0.22768000000000002
0.22752
0.22736
0.2272
0.22704000000000002
0.22688000000000003
0.22672000000000003
0.22656
0.22640000000000002
0.22624
0.22608000000000003
0.22592
0.22576000000000002
0.22560000000000002
0.22544
0.22528000000000004
0.22512000000000001
0.22496000000000002
0.2248
0.22464
0.22448
0.22432
0.22416000000000003
0.224
0.22384
0.22368000000000002
0.22352000000000002
0.22336
0.2232
0.22304000000000002
0.22288000000000002
0.22272
0.22256
0.22240000000000004
0.22224
0.22208000000000003
0.22192
0.22176
0.22160000000000002
0.22144
0.22128000000000003
0.22112
0.22096000000000002
0.2208
0.22064
0.22048
0.22032000000000002
0.22016000000000002
0.22
0.2202
0.2204
0.22060000000000002
0.2208
0.221
0.2212
0.2214
0.22160000000000002
0.2218
0.222
0.2222
0.22240000000000001
0.22260000000000002
0.2228
0.223
0.2232
0.22340000000000002
0.22360000000000002
0.2238
0.224
0.2242
0.22440000000000002
0.22460000000000002
0.2248
0.225
0.2252
0.22540000000000002
0.22560000000000002
0.2258
0.226
0.2262
0.22640000000000002
0.22660000000000002
0.2268
0.227
0.2272
0.22740000000000002
0.22760000000000002
0.2278
0.228
0.22820000000000001
0.22840000000000002
0.22860000000000003
0.2288
0.229
0.22920000000000001
0.22940000000000002
0.22960000000000003
0.2298
0.23
0.23020000000000002
0.23040000000000002
0.23060000000000003
0.2308
0.231
0.23120000000000002
0.23140000000000002
0.2316
0.2318
0.23199999999999998
0.23220000000000002
0.2324
0.23260000000000003
0.2328
0.233
0.2332
0.23340000000000002
0.2336
0.2338
0.23399999999999999
0.2342
0.2344
0.2346
0.2348
0.235
0.2352
0.2354
0.2356
0.2358
0.236
0.2362
0.2364
0.2366
0.2368
0.237
0.2372
0.2374
0.2376
0.2378
0.238
0.2382
0.2384
0.2386
0.2388
0.239
0.2392
0.2394
0.2396
0.2398
0.24
0.2402
0.2404
0.2406
0.24080000000000001
0.241
0.2412
0.2414
0.2416
0.24180000000000001
0.242
0.2422
0.2424
0.2426
0.24280000000000002
0.243
0.2432
0.2434
0.2436
0.24380000000000002
0.244
0.2442
0.2444
0.2446
0.24480000000000002
0.245
0.2452
0.2454
0.2456
0.24580000000000002
0.246
0.2462
0.2464
0.2466
0.24680000000000002
0.247
0.2472
0.2474
0.24760000000000001
0.24780000000000002
0.248
0.2482
0.2484
0.24860000000000002
0.24880000000000002
0.249
0.2492
0.2494
0.24960000000000002
0.24980000000000002
0.25
0.2502
0.2504
0.25060000000000004
0.2508
0.251
0.2512
0.2514
0.25160000000000005
0.2518
0.252
0.2522
0.2524
0.2526
0.2528
0.253
0.2532
0.25339999999999996
0.25360000000000005
0.2538
0.254
0.2542
0.2544
0.2546
0.2548
0.255
0.2552
0.2554
0.25560000000000005
0.2558
0.256
0.2562
0.2564
0.2566
0.25680000000000003
0.257
0.2572
0.25739999999999996
0.25760000000000005
0.25780000000000003
0.258
0.2582
0.2584
0.2586
0.25880000000000003
0.259
0.2592
0.25939999999999996
0.2596
0.25980000000000003
0.26
0.2602
0.2604
0.2606
0.26080000000000003
0.261
0.2612
0.26139999999999997
0.26160000000000005
0.26180000000000003
0.262
0.2622
0.2624
0.2626
0.26280000000000003
0.263
0.2632
0.26339999999999997
0.26360000000000006
0.26380000000000003
0.264
0.2642
0.26439999999999997
0.2646
0.26480000000000004
0.265
0.2652
0.26539999999999997
0.2656
0.26580000000000004
0.266
0.2662
0.26639999999999997
0.2666
0.26680000000000004
0.267
0.2672
0.26739999999999997
0.2676
0.26780000000000004
0.268
0.2682
0.26839999999999997
0.2686
0.26880000000000004
0.269
0.2692
0.2694
0.2696
0.26980000000000004
0.27
0.2702
0.2704
0.2706
0.27080000000000004
0.271
0.2712
0.2714
0.2716
0.27180000000000004
0.272
0.2722
0.2724
0.2726
0.27280000000000004
0.273
0.2732
0.2734
0.2736
0.27380000000000004
0.274
0.2742
0.2744
0.2746
0.27480000000000004
0.275
0.2752
0.2754
0.27559999999999996
0.27580000000000005
0.276
0.2762
0.2764
0.2766
0.2768
0.277
0.2772
0.2774
0.2776
0.27780000000000005
0.278
0.2782
0.2784
0.2786
0.2788
0.279
0.2792
0.2794
0.27959999999999996
0.27980000000000005
0.28
0.2802
0.2804
0.2806
0.28080000000000005
0.281
0.2812
0.2814
0.28159999999999996
0.28180000000000005
0.28200000000000003
0.2822
0.2824
0.2826
0.2828
0.28300000000000003
0.2832
0.2834
0.28359999999999996
0.28380000000000005
0.28400000000000003
0.2842
0.2844
0.2846
0.2848
0.28500000000000003
0.2852
0.2854
0.28559999999999997
0.28580000000000005
0.28600000000000003
0.2862
0.2864
0.2866
0.2868
0.28700000000000003
0.2872
0.2874
0.28759999999999997
0.28780000000000006
0.28800000000000003
0.2882
0.2884
0.2886
0.2888
0.28900000000000003
0.2892
0.2894
0.28959999999999997
0.28980000000000006
0.29000000000000004
0.2902
0.2904
0.29059999999999997
0.2908
0.291
0.2912
0.2914
0.29159999999999997
0.2918
0.29200000000000004
0.2922
0.2924
0.2926
0.2928
0.29300000000000004
0.2932
0.2934
0.29359999999999997
0.2938
0.29400000000000004
0.2942
0.2944
0.2946
0.2948
0.29500000000000004
0.2952
0.2954
0.2956
0.29580000000000006
0.29600000000000004
0.2962
0.2964
0.2966
0.2968
0.29700000000000004
0.2972
0.2974
0.2976
0.2978
0.29800000000000004
0.2982
0.2984
0.2986
0.2988
0.29900000000000004
0.2992
0.2994
0.2996
0.2998
0.30000000000000004
0.3002
0.3004
0.3006
0.3008
0.301
0.3012
0.3014
0.3016
0.30179999999999996
0.30200000000000005
0.3022
0.3024
0.3026
0.30279999999999996
0.30300000000000005
0.3032
0.3034
0.3036
0.30379999999999996
0.30400000000000005
0.3042
0.3044
0.30460000000000004
0.3048
0.305
0.3052
0.3054
0.3056
0.30579999999999996
0.30599999999999994
0.3062
0.3064
0.3066
0.3068
0.307
0.30720000000000003
0.3074
0.3076
0.30779999999999996
0.30800000000000005
0.30820000000000003
0.3084
0.3086
0.3088
0.309
0.3092
0.3094
0.3096
0.30979999999999996
0.31000000000000005
0.31020000000000003
0.3104
0.3106
0.3108
0.311
0.31120000000000003
0.3114
0.3116
0.31179999999999997
0.31200000000000006
0.31220000000000003
0.3124
0.3126
0.31279999999999997
0.313
0.31320000000000003
0.3134
0.3136
0.31379999999999997
0.31400000000000006
0.31420000000000003
0.3144
0.3146
0.3148
0.315
0.31520000000000004
0.3154
0.3156
0.31579999999999997
0.31599999999999995
0.31620000000000004
0.3164
0.3166
0.3168
0.317
0.31720000000000004
0.3174
0.3176
0.31779999999999997
0.31800000000000006
0.31820000000000004
0.3184
0.3186
0.3188
0.319
0.3192
0.3194
0.3196
0.3198
0.32000000000000006
0.32020000000000004
0.3204
0.3206
0.32080000000000003
0.321
0.3212
0.3214
0.3216
0.3218
0.32199999999999995
0.32220000000000004
0.3224
0.3226
0.3228
0.323
0.32320000000000004
0.3234
0.3236
0.3238
0.32400000000000007
0.32420000000000004
0.3244
0.3246
0.32480000000000003
0.325
0.3252
0.32539999999999997
0.3256
0.3258
0.32599999999999996
0.32620000000000005
0.3264
0.3266
0.3268
0.32699999999999996
0.32720000000000005
0.3274
0.3276
0.3278
0.32800000000000007
0.32820000000000005
0.3284
0.3286
0.32880000000000004
0.329
0.3292
0.3294
0.3296
0.3298
0.32999999999999996
0.33020000000000005
0.3304
0.3306
0.3308
0.33099999999999996
0.3312
0.33140000000000003
0.3316
0.3318
0.33199999999999996
0.33220000000000005
0.33240000000000003
0.3326
0.3328
0.333
0.3332
0.3334
0.3336
0.3338
0.33399999999999996
0.33419999999999994
0.33440000000000003
0.3346
0.3348
0.33499999999999996
0.33520000000000005
0.33540000000000003
0.3356
0.3358
0.33599999999999997
0.33620000000000005
0.33640000000000003
0.3366
0.3368
0.33699999999999997
0.3372
0.3374
0.3376
0.3378
0.33799999999999997
0.33819999999999995
0.33840000000000003
0.3386
0.3388
0.339
0.3392
0.33940000000000003
0.3396
0.3398
0.33999999999999997
0.34020000000000006
0.34040000000000004
0.3406
0.3408
0.341
0.3412
0.3414
0.3416
0.3418
0.34199999999999997
0.34220000000000006
0.34240000000000004
0.3426
0.3428
0.343
0.3432
0.3434
0.3436
0.3438
0.344
0.34420000000000006
0.34440000000000004
0.3446
0.3448
0.34500000000000003
0.3452
0.3454
0.3456
0.3458
0.346
0.34619999999999995
0.34640000000000004
0.3466
0.3468
0.347
0.3472
0.34740000000000004
0.3476
0.3478
0.3480000000000001
0.34820000000000007
0.34840000000000004
0.3486
0.3488
0.34900000000000003
0.3492
0.3494
0.3496
0.3498
0.35
0.35019999999999996
0.35039999999999993
0.3506
0.3508
0.351
0.35120000000000007
0.35140000000000005
0.3516
0.3518
0.352
0.35220000000000007
0.35240000000000005
0.3526
0.3528
0.3530000000000001
0.35320000000000007
0.35340000000000005
0.3536
0.3538
0.354
0.35419999999999996
0.35440000000000005
0.3546
0.3548
0.355
0.35520000000000007
0.35540000000000005
0.3556
0.3558
0.356
0.35619999999999996
0.35640000000000005
0.35660000000000003
0.3568
0.357
0.3572000000000001
0.35740000000000005
0.35760000000000003
0.3578
0.358
0.35819999999999996
0.35839999999999994
0.35860000000000003
0.3588
0.359
0.35919999999999996
0.35940000000000005
0.35960000000000003
0.3598
0.36
0.3602000000000001
0.36040000000000005
0.36060000000000003
0.3608
0.361
0.3612000000000001
0.36140000000000005
0.36160000000000003
0.3618
0.362
0.36219999999999997
0.36239999999999994
0.36260000000000003
0.3628
0.363
0.36319999999999997
0.36340000000000006
0.36360000000000003
0.3638
0.364
0.36419999999999997
0.36440000000000006
0.36460000000000004
0.3648
0.365
0.3652000000000001
0.36540000000000006
0.36560000000000004
0.3658
0.366
0.36619999999999997
0.36639999999999995
0.36660000000000004
0.3668
0.367
0.3672000000000001
0.36740000000000006
0.36760000000000004
0.3678
0.368
0.36819999999999997
0.36839999999999995
0.36860000000000004
0.3688
0.369
0.3692000000000001
0.36940000000000006
0.36960000000000004
0.3698
0.37
0.3702
0.37039999999999995
0.37060000000000004
0.3708
0.371
0.3712
0.37140000000000006
0.37160000000000004
0.3718
0.372
0.3722
0.37240000000000006
0.37260000000000004
0.3728
0.3730000000000001
0.3732000000000001
0.37340000000000007
0.37360000000000004
0.3738
0.374
0.3742
0.37439999999999996
0.37460000000000004
0.3748
0.375
0.3752
0.37539999999999996
0.37560000000000004
0.3758
0.376
0.3762
0.37640000000000007
0.37660000000000005
0.3768
0.377
0.3772000000000001
0.37740000000000007
0.37760000000000005
0.3778
0.378
0.3782
0.37839999999999996
0.37859999999999994
0.3788
0.379
0.3792
0.37940000000000007
0.37960000000000005
0.3798
0.38
0.3802
0.38039999999999996
0.38059999999999994
0.3808
0.381
0.3812
0.3814000000000001
0.38160000000000005
0.38180000000000003
0.382
0.3822
0.38239999999999996
0.38260000000000005
0.38280000000000003
0.383
0.3832
0.38339999999999996
0.38360000000000005
0.38380000000000003
0.384
0.3842
0.3844000000000001
0.38460000000000005
0.38480000000000003
0.385
0.3852000000000001
0.3854000000000001
0.38560000000000005
0.38580000000000003
0.386
0.3862
0.38639999999999997
0.38660000000000005
0.38680000000000003
0.387
0.3872
0.38739999999999997
0.38760000000000006
0.38780000000000003
0.388
0.3882
0.38839999999999997
0.38860000000000006
0.38880000000000003
0.389
0.3892000000000001
0.3894000000000001
0.38960000000000006
0.38980000000000004
0.39
0.3902
0.39039999999999997
0.39059999999999995
0.3907999999999999
0.391
0.3912
0.39139999999999997
0.39160000000000006
0.39180000000000004
0.392
0.3922
0.39239999999999997
0.39260000000000006
0.39280000000000004
0.393
0.3932
0.39339999999999997
0.39360000000000006
0.39380000000000004
0.394
0.3942
0.3944
0.39459999999999995
0.39480000000000004
0.395
0.3952
0.3954
0.39559999999999995
0.39580000000000004
0.396
0.3962
0.3964
0.39660000000000006
0.39680000000000004
0.397
0.3972
0.3974000000000001
0.39760000000000006
0.39780000000000004
0.398
0.3982
0.3984
0.39859999999999995
0.39880000000000004
0.399
0.3992
0.3994000000000001
0.39960000000000007
0.39980000000000004
0.4
0.4002
0.4004
0.40059999999999996
0.40080000000000005
0.401
0.4012
0.4014000000000001
0.40160000000000007
0.40180000000000005
0.402
0.4022
0.4024
0.40259999999999996
0.40280000000000005
0.403
0.4032
0.4034
0.40359999999999996
0.40380000000000005
0.404
0.4042
0.4044000000000001
0.40460000000000007
0.40480000000000005
0.405
0.4052
0.4054
0.40559999999999996
0.40580000000000005
0.406
0.4062
0.4064
0.40659999999999996
0.40679999999999994
0.40700000000000003
0.4072
0.4074
0.4076000000000001
0.40780000000000005
0.40800000000000003
0.4082
0.4084
0.40859999999999996
0.40880000000000005
0.40900000000000003
0.4092
0.4094000000000001
0.4096000000000001
0.40980000000000005
0.41000000000000003
0.4102
0.4104
0.41059999999999997
0.41079999999999994
0.41100000000000003
0.4112
0.4114
0.4116000000000001
0.41180000000000005
0.41200000000000003
0.4122
0.4124
0.41259999999999997
0.41280000000000006
0.41300000000000003
0.4132
0.4134
0.4136000000000001
0.41380000000000006
0.41400000000000003
0.4142
0.4144
0.41459999999999997
0.41479999999999995
0.41500000000000004
0.4152
0.4154
0.41559999999999997
0.41579999999999995
0.41600000000000004
0.4162
0.4164
0.4166000000000001
0.41680000000000006
0.41700000000000004
0.4172
0.4174
0.4176000000000001
0.41780000000000006
0.41800000000000004
0.4182
0.4184
0.41859999999999997
0.41879999999999995
0.41899999999999993
0.4192
0.4194
0.4196
0.41980000000000006
0.42000000000000004
0.4202
0.4204
0.4206
0.42080000000000006
0.42100000000000004
0.4212
0.4214000000000001
0.4216000000000001
0.42180000000000006
0.42200000000000004
0.4222
0.4224
0.4226
0.42279999999999995
0.42300000000000004
0.4232
0.4234
0.4236
0.42379999999999995
0.42400000000000004
0.4242
0.4244
0.4246000000000001
0.42480000000000007
0.42500000000000004
0.4252
0.4254
0.4256
0.42580000000000007
0.42600000000000005
0.4262
0.4264
0.4266
0.42679999999999996
0.42699999999999994
0.4272
0.4274
0.4276
0.42780000000000007
0.42800000000000005
0.4282
0.4284
0.4286
0.42880000000000007
0.42900000000000005
0.4292
0.4294000000000001
0.4296000000000001
0.42980000000000007
0.43000000000000005
0.4302
0.4304
0.4306
0.43079999999999996
0.43100000000000005
0.4312
0.4314
0.4316
0.43179999999999996
0.43199999999999994
0.43220000000000003
0.4324
0.4326
0.4328000000000001
0.43300000000000005
0.43320000000000003
0.4334
0.4336000000000001
0.4338000000000001
0.43400000000000005
0.43420000000000003
0.4344
0.4346
0.43479999999999996
0.43499999999999994
0.43520000000000003
0.4354
0.4356
0.43579999999999997
0.43600000000000005
0.43620000000000003
0.4364
0.4366
0.43679999999999997
0.43700000000000006
0.43720000000000003
0.4374
0.4376000000000001
0.4378000000000001
0.43800000000000006
0.43820000000000003
0.4384
0.4386
0.43879999999999997
0.43899999999999995
0.43920000000000003
0.4394
0.4396
0.43979999999999997
0.44000000000000006
0.44020000000000004
0.4404
0.4406
0.44079999999999997
0.44100000000000006
0.44120000000000004
0.4414
0.4416000000000001
0.44179999999999997
0.44200000000000006
0.44220000000000004
0.4424
0.4426
0.44279999999999997
0.44299999999999995
0.44320000000000004
0.4434
0.4436
0.4438
0.44399999999999995
0.44420000000000004
0.4444
0.4446
0.4448
0.44500000000000006
0.44520000000000004
0.4454
0.4456
0.4458000000000001
0.44600000000000006
0.44620000000000004
0.4464
0.4466
0.4468
0.44699999999999995
0.44719999999999993
0.4474
0.4476
0.4478
0.44800000000000006
0.44820000000000004
0.4484
0.4486
0.4488
0.44899999999999995
0.44920000000000004
0.4494
0.4496
0.4498000000000001
0.45000000000000007
0.45020000000000004
0.4504
0.4506
0.4508
0.45100000000000007
0.45119999999999993
0.4514
0.4516
0.4518
0.45199999999999996
0.45220000000000005
0.4524
0.4526
0.4528000000000001
0.45300000000000007
0.45320000000000005
0.4534
0.4536
0.4538000000000001
0.45399999999999996
0.45420000000000005
0.4544
0.4546
0.4548
0.45499999999999996
0.45519999999999994
0.4554
0.4556
0.4558
0.45600000000000007
0.45620000000000005
0.45640000000000003
0.4566
0.4568
0.45699999999999996
0.45720000000000005
0.45740000000000003
0.4576
0.4578000000000001
0.4580000000000001
0.45820000000000005
0.45840000000000003
0.4586
0.4588
0.45899999999999996
0.45920000000000005
0.45940000000000003
0.4596
0.4598
0.45999999999999996
0.46020000000000005
0.46040000000000003
0.4606
0.4608
0.4610000000000001
0.46120000000000005
0.46140000000000003
0.4616
0.4618
0.4620000000000001
0.46220000000000006
0.46240000000000003
0.4626
0.4628
0.46299999999999997
0.46320000000000006
0.4633999999999999
0.4636
0.4638
0.46399999999999997
0.46420000000000006
0.46440000000000003
0.4646
0.4648
0.4650000000000001
0.46520000000000006
0.46540000000000004
0.4656
0.4658
0.4660000000000001
0.46620000000000006
0.46640000000000004
0.4666
0.4668
0.46699999999999997
0.46719999999999995
0.4673999999999999
0.4676
0.4678
0.46799999999999997
0.46820000000000006
0.46840000000000004
0.4686
0.4688
0.469
0.46920000000000006
0.46940000000000004
0.4696
0.4698
0.4700000000000001
0.47020000000000006
0.47040000000000004
0.4706
0.4708
0.471
0.47119999999999995
0.47140000000000004
0.4716
0.4718
0.472
0.47219999999999995
0.47240000000000004
0.4726
0.4728
0.4730000000000001
0.47320000000000007
0.47340000000000004
0.4736
0.4738
0.474
0.47420000000000007
0.47440000000000004
0.4746
0.4748
0.475
0.47519999999999996
0.47540000000000004
0.4755999999999999
0.4758
0.4760000000000001
0.47619999999999996
0.47640000000000005
0.4766
0.4768
0.477
0.47720000000000007
0.47740000000000005
0.4776
0.4778000000000001
0.4780000000000001
0.47820000000000007
0.47840000000000005
0.4786
0.4788
0.479
0.47919999999999996
0.47940000000000005
0.4795999999999999
0.4798
0.48
0.48019999999999996
0.48040000000000005
0.4806
0.4808
0.4810000000000001
0.48120000000000007
0.48140000000000005
0.48160000000000003
0.4818
0.482
0.4822000000000001
0.48240000000000005
0.48260000000000003
0.4828
0.483
0.48319999999999996
0.48339999999999994
0.48360000000000003
0.4838
0.484
0.4842000000000001
0.48440000000000005
0.48460000000000003
0.4848
0.485
0.4852000000000001
0.48540000000000005
0.48560000000000003
0.4858
0.4860000000000001
0.4862000000000001
0.48640000000000005
0.48660000000000003
0.4868
0.487
0.48719999999999997
0.48739999999999994
0.48760000000000003
0.4878
0.488
0.4882000000000001
0.48839999999999995
0.48860000000000003
0.4888
0.489
0.4892000000000001
0.48940000000000006
0.48960000000000004
0.4898
0.4900000000000001
0.4902000000000001
0.49040000000000006
0.49060000000000004
0.4908
0.491
0.49119999999999997
0.49139999999999995
0.49160000000000004
0.4917999999999999
0.492
0.49219999999999997
0.49239999999999995
0.49260000000000004
0.4928
0.493
0.4932000000000001
0.49340000000000006
0.49360000000000004
0.4938
0.494
0.4942000000000001
0.49440000000000006
0.49460000000000004
0.4948
0.495
0.4952
0.49539999999999995
0.49559999999999993
0.4958
0.496
0.4962
0.49640000000000006
0.49660000000000004
0.4968
0.497
0.4972
0.49740000000000006
0.49760000000000004
0.4978
0.4980000000000001
0.4982000000000001
0.49840000000000007
0.49860000000000004
0.4988
0.499
0.4992
0.49939999999999996
0.49959999999999993
0.4998
0.5
0.5002
0.5004000000000001
0.5005999999999999
0.5008
0.5010000000000001
0.5012
0.5014000000000001
0.5016
0.5018
0.502
0.5022000000000001
0.5024000000000001
0.5026
0.5028
0.503
0.5032
0.5034
0.5035999999999999
0.5038
0.5039999999999999
0.5042
0.5044000000000001
0.5045999999999999
0.5048
0.505
0.5052
0.5054000000000001
0.5056
0.5058
0.5060000000000001
0.5062000000000001
0.5064000000000001
0.5066
0.5068
0.507
0.5072
0.5074
0.5075999999999999
0.5078
0.508
0.5082
0.5084
0.5086
0.5088
0.509
0.5092000000000001
0.5094000000000001
0.5096
0.5098
0.51
0.5102000000000001
0.5104000000000001
0.5106
0.5108
0.511
0.5112
0.5114
0.5115999999999999
0.5117999999999999
0.512
0.5122
0.5124
0.5126000000000001
0.5128
0.513
0.5132000000000001
0.5134
0.5136000000000001
0.5138
0.514
0.5142000000000001
0.5144000000000001
0.5146000000000001
0.5148
0.515
0.5152
0.5154
0.5156
0.5157999999999999
0.516
0.5162
0.5164
0.5166000000000001
0.5167999999999999
0.517
0.5172
0.5174
0.5176000000000001
0.5178
0.518
0.5182000000000001
0.5184000000000001
0.5186000000000001
0.5188
0.519
0.5192
0.5194
0.5196
0.5197999999999999
0.52
