0.3967147787961729
0.3996893645360352
0.4026936952923633
0.4057280669875116
0.40879277845724427
0.41188813147880166
0.4150144307992232
0.418171984163931
0.421361102345574
0.4245820991731394
0.42783529156132705
0.4311209995401952
0.43443954628507375
0.43779125814675435
0.4411764646819525
0.444595498684048
0.44804869621410404
0.4515363966321704
0.45505894262886737
0.458616680257259
0.46220995896501094
0.46583913162684387
0.4695045545772758
0.4732065876436622
0.4769455941795313
0.48072194109822275
0.4845359989068253
0.4883881417404208
0.49227874739663435
0.4962081973704936
0.5001768768896013
0.5041851749496195
0.5082334843500718
0.5123222017304624
0.5164517276067198
0.5206224664079605
0.5248348265135808
0.5290892202906745
0.5333860641317858
0.537725778492991
0.5421087879323186
0.5465355211485055
0.5510064110200961
0.5555218946448829
0.5600824133796937
0.5646884128805238
0.5693403431430243
0.5740386585433375
0.5787838178792925
0.5835762844119535
0.5884165259075353
0.5933050146796758
0.5982422276320771
0.603228646301514
0.6082647569012108
0.6133510503645968
0.61848802238943
0.6236761734823051
0.628916009003537
0.634208039212432
0.6395527793129414
0.644950749499705
0.6504024750044823
0.6559084861429824
0.6614693183620841
0.6670855122874577
0.6727576137715842
0.678486173942182
0.6842717492510368
0.69011490152324
0.6960161980068353
0.7019762114228862
0.7079955200159505
0.7140747076049785
0.720214363634628
0.7264150832270077
0.732677467233841
0.7390021222890605
0.7453896608618331
0.7518407013100151
0.7583558679340484
0.7649357910312886
0.7715811069507762
0.7782924581484489
0.7850704932428012
0.7919158670709883
0.7988292407453824
0.8058112817105753
0.8128626638008443
0.8199840672980662
0.8271761789900941
0.8344396922295917
0.8417753069933372
0.8491837299419861
0.8566656744803035
0.8642218608178657
0.8718530160302361
0.8795598741206119
0.8873431760819473
0.8952036699595532
0.9031421109141826
0.9111592612855898
0.9192558906565792
0.9274327759175373
0.9356907013314506
0.9440304585994193
0.952452846926653
0.9609586730889685
0.9695487514997715
0.9782239042775467
0.9869849613138365
0.9958327603417229
1.004768147004807
1.0137919749266988
1.0229051057809997
1.0321084093618007
1.041402763654676
1.0507890549081982
1.0602681777059488
1.069841035039048
1.0795085383791876
1.0892716077521878
1.0991311718120538
1.1090881679155575
1.1191435421973224
1.1292982496454382
1.1395532541775795
1.1499095287176473
1.1603680552729267
1.1709298250117586
1.1815958383417389
1.1923671049884257
1.2032446440745714
1.2142294841998686
1.2253226635212227
1.236525229833533
1.2478382406510011
1.2592627632889484
1.2707998749461629
1.2824506627877519
1.2942162240285189
1.3060976660168508
1.3180961063191265
1.3302126728046355
1.3424485037310103
1.3548047478301686
1.3672825643947746
1.3798831233651994
1.3926076054169951
1.4054572020488711
1.4184331156711816
1.431536559694908
1.444768758621144
1.458130948131082
1.4716243751764868
1.4852502980706748
1.4990099865799715
1.5129047220156664
1.5269357973264392
1.541104517191286
1.5554121981129085
1.5698601685115814
1.5844497688194914
1.5991823515755466
1.614059281520643
1.6290819356933932
1.644251703526301
1.6595699869424032
1.675038200452336
1.6906577712518542
1.7064301393197736
1.7223567575163565
1.7384390916821066
1.7546786207369873
1.7710768367800476
1.787635245189457
1.8043553647229351
1.8212387276185704
1.8382868796960274
1.855501380458119
1.8728838031927668
1.8904357350753036
1.9081587772711386
1.926054545038756
1.944124667833066
1.9623707894090665
1.9807945679258285
1.9993976760507812
2.0181818010643098
2.0371486449646246
2.0562999245729134
2.0756373716387544
2.0951627329457945
2.1148777704176585
2.1347842612240937
2.154883997887328
2.175178788388651
2.1956704562751628
2.2163608407667224
2.237251796863048
2.258345195450987
2.2796429234119016
2.3011468837291944
2.322858995595929
2.3447811945225525
2.366915432444686
2.3892636778309795
2.411827915791001
2.434610148183164
2.4576123937226435
2.480836688089301
2.5042850840355597
2.5279596514942484
2.551862477686362
2.575995667228744
2.600361342241651
2.6249616424561935
2.649798725321618
2.674874766112423
2.700191958035264
2.7257525123356574
2.7515586584044227
2.777612643883869
2.8039167347736775
2.83047321553648
2.8572843892030737
2.8843525774772893
2.911680120840438
2.9392693786553448
2.9671227292699314
2.9952425701203036
3.023631317833342
3.0522914083287325
3.0812252969204432
3.1104354584175775
3.1399243872246076
3.1696945974409223
3.199748622959687
3.2300890175659522
3.2607183550340064
3.291639229223903
3.3228542541771584
3.3543660642115647
3.3861773140150824
3.4182906787387766
3.450708854088763
3.4834345564171083
3.516470522811671
3.549819511184797
3.583484300360893
3.6174676901627585
3.6517725014967017
3.6864015764363485
3.7213577783051117
3.7566439917573
3.792263122857761
3.8282180991600896
3.8645118697832683
3.901147405486768
3.9381276987439904
3.975455763814062
4.013134636811871
4.051167375776351
4.089557060736893
4.128306793777902
4.1674196991013766
4.206898923087506
4.246747634353181
4.28696902380842
4.327566304710579
4.368542712716342
4.409901505931404
4.451645964957802
4.4937793929387855
4.5363051156012455
4.579226481295534
4.62254686103271
4.6662696485190525
4.710398260187845
4.754936135228324
4.7998867356117225
4.845253546114354
4.891040074337653
4.937249850725107
4.983886428575977
5.030953384055802
5.078454316203501
5.126392846935126
5.174772621044054
5.2235973061976715
5.2728705929303334
5.322596194632663
5.372777847536959
5.423419310698765
5.474524365974408
5.526096817994499
5.5781404941332475
5.6306592444735575
5.683656941767776
5.737137481394025
5.791104781308014
5.845562781990264
5.900515446388625
5.955966759855998
6.011920730083198
6.068381387026806
6.125352782831984
6.182838991750078
6.240844110050999
6.29937225593018
6.358427569410127
6.418014212236348
6.478136367767646
6.538798240860625
6.600004057748327
6.66175806591289
6.724064533952115
6.7869277514398485
6.850352028780083
6.914341697054617
6.9789011078642496
7.04403463316332
7.109746665087549
7.176041615775009
7.242923917180181
7.310398020880913
7.378468397878253
7.447139538388957
7.516415951630625
7.586302165599325
7.656802726839574
7.7279222002066295
7.799665168620868
7.87203623281426
7.945040011068712
8.018681138946251
8.092964269010873
8.167894070542
8.243475229239335
8.319712446919127
8.396610441201611
8.474173945189603
8.552407707138041
8.631316490114454
8.710905071650151
8.791178243382117
8.872140810685373
8.953797592295823
9.036153419923357
9.11921313785518
9.20298160254921
9.28746368221744
9.37266425639917
9.458588215523944
9.545240460464207
9.632625902077379
9.720749460737455
9.809616065855813
9.899230655391332
9.989598175349503
10.08072357927065
10.17261182770694
10.265267887688255
10.35869673217674
10.452903339509955
10.547892692832498
10.643669779516093
10.740239590567931
10.837607120027306
10.935777364350308
11.03475532178266
11.134545991720433
11.235154374058748
11.336585468528181
11.438844274019008
11.541935787893019
11.645865005283008
11.750636918379728
11.856256515706319
11.962728781380159
12.070058694362036
12.178251227692627
12.287311347716184
12.397244013291452
12.508054174989699
12.619746774279886
12.732326742700877
12.845799001020747
12.960168458383034
13.075440011440051
13.191618543473144
13.308708923499921
13.426716005368428
13.545644626838317
13.665499608648913
13.786285753574294
13.908007845465315
14.030670648278665
14.154278905092886
14.278837337111504
14.404350642653192
14.53082349612911
14.658260547007353
14.786666418764705
14.916045707825624
15.046402982488614
15.177742781840006
15.310069614655303
15.443387958288033
15.577702257546418
15.713016923557724
15.849336332620615
15.98666482504548
16.125006703982937
16.264366234240605
16.40474764108832
16.54615510905192
16.688592780695785
16.83206475539422
16.97657508809201
17.122127788054108
17.268726817604914
17.416376090857074
17.56507947243024
17.714840776159843
17.865663763796206
18.017552143694196
18.17050956949365
18.324539638790878
18.479645891801447
18.635831810014558
18.79310081483931
18.95145626624312
19.1109014613826
19.271439633227228
19.43307394917613
19.595807509668308
19.75964334678664
19.92458442285602
20.09063362903602
20.257793783908415
20.42606763205997
20.595457842660903
20.76596700803941
20.93759764225264
21.11035217965462
21.284232973461485
21.459242294314514
21.63538232884141
21.812655178216286
21.991062856718827
22.170607290293162
22.351290315106837
22.53311367611057
22.716079025599075
22.900187921773718
23.085441827307324
23.271842107911887
23.459390030909557
23.648086763807562
23.83793337287765
24.028930821740577
24.221079969956243
24.41438157162015
24.608836273966688
24.804444615979868
25.00120702701226
25.199123825412627
25.398195217162908
25.598421294525295
25.79980203469997
26.002337298494144
26.206026829003207
26.41087025030446
26.6168670661643
26.82401665875939
27.03231828741265
27.241771087344613
27.45237406844097
27.664126114036986
27.877025979719395
28.091072292146645
28.30626354788812
28.522598112283003
28.74007421831969
28.958689965536216
29.178443318942715
29.399332107966337
29.621354025419613
29.844506626492855
30.06878732777129
30.294193406277806
30.520721998541855
30.74837009969538
30.977134562596436
31.207012096981217
31.437999268645125
31.670092498653837
31.903288062584796
32.13758208980002
32.37297056275081
32.60944931631516
32.847014037168485
33.08566026318829
33.32538338289364
33.56617863491987
33.80804110752933
34.05096573815884
34.29494731300428
34.539980466643264
34.78605968169619
35.033179288526476
35.281333464980506
35.53051623616787
35.780721474282416
36.0319428984648
36.28417407470687
36.53740841579854
36.7916391813177
37.04685947766346
37.30306225813345
37.560240323045335
37.81838631990332
38.07749274360974
38.337551936722356
38.59855608975764
38.86049724154042
39.12336727960024
39.38715794061466
39.65186081090001
39.91746732694964
40.18396877601997
40.45135629676467
40.71962087991709
40.98875336902109
41.25874446121053
41.52958470803743
41.801264516348986
42.07377414921347
42.34710372689514
42.62124322787813
42.89618248993924
43.171911211269816
43.44841895164643
43.7256951336505
44.00372904393646
44.28250983454869
44.56202652428676
44.842268000118864
45.12322301864338
45.40488020759803
45.687228067416655
45.970254972833004
46.253949174531506
46.53829880084438
46.82329185949487
47.10891623938617
47.39515971243543
47.68200993545265
47.969454452063545
48.25748069467641
48.546075986491786
48.83522754355483
49.12492247684954
49.41514779443423
49.70589040361763
49.99713711317473
50.28887463560202
50.58108958941086
50.87376850145868
51.16689780931691
51.46046386367487
51.754452930778854
52.048851194905474
52.34364476086825
52.63881965655682
52.93436183550735
53.23025717950384
53.52649150120854
53.82305054682117
54.119919998765496
54.41708547840236
54.71453254876808
55.01224671733706
55.310213438807665
55.60841811791007
55.90684611223502
56.20548273508238
56.50431325832825
56.80332291530955
57.10249690372463
57.401820388549204
57.70127850496581
58.00085636130597
58.30053904200369
58.60031161055901
58.900159112510444
59.20006657841494
59.50001902683435
59.8000014673267
60.09999890344146
60.399996335717276
60.699978764680914
60.99993119384615
61.29983863271151
61.59968609975513
61.899458625426156
62.19914125513068
62.49871905221135
62.79817710091951
63.097500509378236
63.39667441253519
63.695683975104274
63.99451439449439
64.29315090372448
64.59157877432347
64.88978331921383
65.18774989557777
65.48546390770468
65.78291080981872
66.08007610888552
66.37694536739664
66.67350420613084
66.96973830689093
67.26563341521528
67.56117534306259
67.85634997146933
68.15114325317836
68.44554121523815
68.739529961571
69.03309567551005
69.32622462230357
69.61890315158573
69.911117699813
70.20285479266535
70.49410104741133
70.78484317523593
71.07506798353108
71.3647623781473
71.65391336560593
71.94250805527166
72.23053366148405
72.51797750564758
72.8048270182797
73.09106974101614
73.37669332857288
73.66168555066412
73.94603429387595
74.22972756349505
74.51275348529173
74.79510030725731
75.0767564012951
75.35771026486441
75.63795052257775
75.91746592775031
76.19624536390185
76.4742778462102
76.75155252291675
77.02805867668322
77.30378572589937
77.57872322594228
77.85286087038604
78.12618849216224
78.39869606467138
78.67037370284461
78.94121166415599
79.21120034958535
79.48033030453172
79.74859221967712
80.01597693180109
80.28247542454591
80.54807882913242
80.8127784250271
81.07656564055992
81.33943205349352
81.60136939154395
81.86236953285294
82.12242450641213
82.38152649243963
82.63966782270867
82.89684098082951
83.15303860248397
83.40825347561382
83.66247854056263
83.91570689017195
84.1679317698322
84.41914657748825
84.66934486360073
84.91852033106295
85.16666683507438
85.41377838297083
85.65984913401189
85.90487339912619
86.14884564061512
86.39176047181519
86.63361265671979
86.87439710956114
87.11410889435238
87.35274322439085
87.59029546172314
87.82676111657219
88.06213584672719
88.29641545689707
88.52959589802771
88.76167326658415
88.99264380379775
89.22250389487922
89.45125006819833
89.67887899443063
89.90538748567178
90.13077249452054
90.35503111313042
90.57816057223133
90.8001582401212
91.02102162162875
91.24074835704755
91.45933622104252
91.67678312152903
91.8930870985255
92.10824632298011
92.32225909557208
92.53512384548831
92.74683912917587
92.95740362907105
93.16681615230553
93.37507562939018
93.5821811128772
93.78813177600117
93.99292691129946
94.19656592921285
94.39904835666638
94.60037383563183
94.80054212167136
94.99955308246369
95.19740669631298
95.39410305064082
95.58964234046199
95.7840248668447
95.97725103535518
96.16932135448778
96.36023643408063
96.54999698371732
96.73860381111527
96.92605782050094
97.1123600109726
97.29751147485068
97.48151339601645
97.66436704823917
97.84607379349222
98.02663508025842
98.20605244182494
98.38432749456831
98.56146193622939
98.73745754417902
98.91231617367461
99.08603975610741
99.25863029724157
99.4300898754445
99.600420639909
99.76962480886765
99.93770466779914
100.10466256762719
100.27050092291186
100.43522221003377
100.59882896537107
100.76132378346945
100.92270931520518
101.0829882659416
101.24216339367851
101.40023750719541
101.55721346418783
101.71309416939728
101.86788257273474
102.02158166739773
102.1741944879807
102.32572410857944
102.4761736408885
102.62554623229259
102.77384506395111
102.92107334887633
103.06723433000477
103.21233127826206
103.35636749062087
103.49934628815197
103.6412710140684
103.78214503176225
103.9219717228348
104.06075448511857
104.19849673069236
104.3352018838885
104.47087337929237
104.60551465973359
104.73912917426964
104.87172037616055
105.0032917208355
105.13384666385049
105.26338865883713
105.39192115544228
105.51944759725843
105.64597141974453
105.7714960481369
105.89602489535034
106.01956135986893
106.14210882362639
106.26367064987586
106.38425018104866
106.50385073660195
106.62247561085513
106.74012807081456
106.85681135398656
106.9725286661782
107.08728317928605
107.20107802907222
107.31391631292801
107.42580108762432
107.53673536704915
107.64672211993174
107.75576426755319
107.86386468144343
107.97102618106426
108.07725153147837
108.1825434410043
108.28690455885669
108.39033747277252
108.49284470662249
108.59442871800753
108.69509189584082
108.7948365579147
108.89366494845267
108.99157923564628
109.08858150917716
109.18467377772372
109.27985796645287
109.37413591449678
109.46750937241451
109.55997999963864
109.65154936190716
109.74221892868042
109.8319900705436
109.92086405659468
110.00884205181795
110.09592511444357
110.18211419329326
110.2674101251123
110.35181363188839
110.43532531815733
110.51794566829619
110.59967504380428
110.68051368057216
110.76046168613946
110.83951903694161
110.91768557554639
110.99496100788062
111.07134490044764
111.14683667753621
111.22143561842164
111.29514085455948
111.36795136677314
111.43986598243563
111.51088337264655
111.58100204940534
111.65022036278133
111.71853649808196
111.78594847301997
111.85245413488056
111.91805115768993
111.98273703938594
112.0465090989925
112.1093644737987
112.17130011654397
112.23231279261083
112.29239907722636
112.35155535267418
112.40977780551793
112.46706242383856
112.52340499448617
112.57880110034885
112.63324611763977
112.68673521320423
112.73926334184904
112.79082524369531
112.84141544155752
112.89102823834978
112.93965771452231
112.98729772552969
113.033941899333
113.07958363393844
113.12421609497423
113.16783221330844
113.21042468270994
113.25198595755494
113.29250825058153
113.33198353069496
113.37040352082577
113.40775969584404
113.44404328053174
113.47924524761653
113.51335631586943
113.54636694826907
113.57826735023583
113.60904746793855
113.63869698667636
113.66720532933978
113.69456165495248
113.72075485729863
113.74577356363739
113.76960613350867
113.79224065763317
113.81366495690966
113.83386658151306
113.85283281009677
113.87055064910206
113.88700683217854
113.90218781971852
113.91607979850934
113.92866868150647
113.93994010773122
113.94987944229658
113.95847177656451
113.96570192843829
113.97155444279362
113.97601359205154
113.9790633768975
113.98068752714923
113.98086950277771
113.97959249508438
113.97683942803818
113.97259295977621
113.96683548427109
113.959549133169
113.95071577780155
113.94031703137506
113.92833425134086
113.91474854194952
113.89954075699312
113.8826915027383
113.86418114105356
113.84398979273422
113.82209734102821
113.79848343536547
113.77312749529477
113.74600871463032
113.71710606581144
113.68639830447832
113.65386397426637
113.6194814118224
113.58322875204456
113.54508393354952
113.50502470436875
113.46302862787651
113.41907308895189
113.37313530037719
113.32519230947428
113.27522100498169
113.2231981241734
113.16910026022208
113.11290386980724
113.05458528097094
112.99412070122146
112.93148622588679
112.86665784671845
112.79961146074746
112.73032287939168
112.65876783781724
112.5849220045522
112.5087609913546
112.4302603633341
112.34939564932708
112.2661423525254
112.18047596135824
112.09237196062583
112.00180584288552
111.90875312008781
111.8131893354619
111.71509007564947
111.61443098308452
111.51118776861769
111.40533622438343
111.29685223690701
111.18571180044967
111.0718910305885
110.95536617802868
110.83611364264466
110.71410998774697
110.58933195457114
110.46175647698453
110.33136069640751
110.19812197694425
110.06201792071857
109.92302638341049
109.78112548998776
109.63629365062748
109.48850957682231
109.33775229766515
109.18400117630658
109.02723592657847
108.86743662977749
108.70458375160148
108.53865815923193
108.36964113855483
108.1975144115129
108.02226015358097
107.84386101135668
107.66230012025835
107.47756112232102
107.28962818408257
107.0984860145505
106.90411988324003
106.7065156382746
106.50565972453852
106.30153920187193
106.09414176329858
105.883455753275
105.66947018595137
105.45217476343282
105.23155989403057
105.0076167104911
104.78033708819275
104.54971366329748
104.31573985084637
104.07840986278697
103.83771872592015
103.59366229975443
103.34623729425502
103.09544128747547
102.84127274305864
102.58373102759464
102.32281642782229
102.05853016766123
101.79087442506176
101.51985234865803
101.2454680742127
100.96772674083788
100.68663450698037
100.4021985661561
100.11442716242131
99.82332960556573
99.52891628601459
99.23119868942534
98.93018941096543
98.6259021692571
98.31835181997577
98.0075543690875
97.69352698571255
97.37628801460083
97.05585698820549
96.73225463834153
96.40550290741534
96.07562495921188
95.74264518922652
95.40658923452763
95.06748398313756
94.72535758291839
94.38023944994998
94.03216027638774
93.68115203778734
93.32724799988428
92.97048272481612
92.61089207677598
92.24851322708459
91.88338465867072
91.5155461699481
91.14503887807808
90.7719052216075
90.39618896247153
90.0179351873513
89.6371903083768
89.25400206316529
88.86841951418688
88.4804930474481
88.09027437048503
87.69781650965855
87.3031738067437
86.90640191480642
86.50755779336045
86.10669970279834
85.70388719809078
85.29918112174853
84.89264359604206
84.48433801447439
84.07432903250285
83.66268255750664
83.2494657379965
82.83474695206405
82.41859579506904
82.00108306656244
81.58228075644445
81.16226203035686
80.74110121430996
80.31887377854407
79.8956563206271
79.4715265477895
79.04656325849906
78.62084632327804
78.1944566647658
77.76747623703098
77.339988004138
76.9120759179718
76.48382489532767
76.0553207942713
75.62665038977623
75.19790134864608
74.76916220372924
74.34052232743412
73.91207190455492
73.48390190441663
73.0561040523497
72.62877080050548
72.20199529802306
71.77587136056016
71.35049343919974
70.9259565887459
70.50235643542226
70.0797891439872
69.65835138428015
69.2381402972145
68.81925346023255
68.40178885223884
67.98584481802816
67.57152003222635
67.15891346276018
66.74812433387585
66.33925208872367
65.93239635152874
65.5276568893667
65.12513357356447
64.72492634074692
64.32713515354942
63.93185996101818
63.539200658719174
63.149257048578654
62.76212879847619
62.37791540161376
61.99671613568372
61.61863002185829
61.2437557836247
60.87219180548939
60.50403609157561
60.13938622413799
59.77833932201969
59.42099199907548
59.06744032258662
58.71777977169211
58.372105195861494
58.03051077343438
57.69308997025237
57.359935498408596
57.0311392751404
56.706792381890715
56.386985023563966
56.07180648800162
55.76134510570337
55.45568820981944
55.154922096438874
54.85913198520033
54.56840198024936
54.282815031568596
54.00245289670461
53.72739610291754
53.45772390977702
53.19351427222992
52.93484380416303
52.68178774248593
52.43441991175651
52.192812689373646
51.9570369713594
51.72716213875418
51.50325602464656
51.285384881860786
51.073613351322905
50.868004431127204
50.66861944632384
50.47551801944798
50.28875804181055
50.10839564557014
49.934485176605
49.76707916820363
49.60622831559223
49.451981451316065
49.30438552149206
49.16348556294862
49.02932468126857
48.90194402975053
48.78138278930297
48.66767814928498
48.56086528930716
48.46097736200516
48.36804547679761
48.282098684640374
48.20316396378692
48.131266206565556
48.06642820718188
48.00867065055608
47.95801210220156
47.9144689991533
47.8780556419514
47.84878418768554
47.82666464410587
47.811704864803644
47.803910545465484
47.80328522120384
47.809830264965505
47.82354488701912
47.84442613552261
47.87246889816937
47.90766590491282
47.9500077317669
47.999482805680486
48.05607741048127
48.11977569388639
48.19055967557371
48.26840925630865
48.35330222812039
48.44521428551992
48.54411903775241
48.649988022075505
48.762790718053886
48.882494562860515
49.00906496757395
49.14246533446024
49.28265707522763
49.429599630241256
49.58325048868472
49.74356520965451
49.91049744417288
50.083998958103926
50.264019655956936
50.450507605561114
50.64340906359451
50.84266850194962
51.04822863491766
51.260030447173534
51.478013222541456
51.7021145735227
51.93227047156497
52.1684152780528
52.410481775998754
52.65840120241327
52.91210328133214
53.1715162574791
53.43656693054129
53.707180690034676
53.98328155073629
54.264792188660024
54.551633977551916
54.84372702588143
55.14099021430386
55.443341233570045
55.75069662285832
56.062971808503875
56.3800811431007
56.70193794495093
57.028454537836055
57.35954229108488
57.69511165991271
58.03507222600625
58.37933273832853
58.72780115411838
59.080384680059105
59.43698981359009
59.79752238433695
60.16188759563349
60.529990066111246
60.90173387133051
61.27702258542826
61.65575932275767
62.037846779494316
62.42318727518489
62.81168279421317
63.203235027160055
63.59774541203222
63.99511517533731
64.39524537298065
64.79803693096133
65.20339068584403
65.61120742498481
66.02138792648738
66.43383299886938
66.84844352041615
67.26512047820087
67.68376500675102
68.10427842633983
68.52656228088362
68.95051837542486
69.37604881318234
69.8030560321496
70.2314428412235
70.66111245584547
71.09196853313772
71.52391520651852
71.95685711977957
72.39069946061028
72.82534799355388
73.26070909238024
73.69668977186188
74.13319771893924
74.5701413232627
75.00742970709817
75.44497275458511
75.88268114033542
76.32046635736232
76.7582407443291
77.19591751210848
77.63341076964285
78.07063554909793
78.5075078303009
78.94394456445664
79.37986369713484
79.81518419052178
80.2498260449319
80.68371031957312
81.11675915256257
81.54889578018803
81.98004455541235
82.41013096561801
82.83908164958935
83.26682441373124
83.69328824752326
84.11840333820822
84.54210108471587
84.96431411082163
85.38497627754197
85.80402269476782
86.22138973213812
86.63701502915613
87.05083750455171
87.46279736489302
87.87283611245205
88.28089655232783
88.68692279883342
89.09086028115085
89.49265574826109
89.89225727315461
90.28961425632954
90.68467742858464
91.07739885311453
91.46773192691509
91.85563138150756
92.24105328298967
92.62395503142322
93.00429535956711
93.38203433096572
93.75713333740276
94.12955509573055
94.49926364408559
94.86622433750134
95.23040384292925
95.59177013367939
95.95029248329232
96.30594145885438
96.65868891376799
97.00850797998962
97.35537305974775
97.69925981675352
98.04014516691676
98.37800726858055
98.71282551228748
99.04458051009028
99.37325408442112
99.69882925653197
100.02129023452048
100.3406224009543
100.65681230010802
100.96984762482616
101.27971720302595
101.5864109838541
101.88992002351085
102.19023647075555
102.48735355210731
102.7812655567549
103.07196782118896
103.35945671357138
103.64372961785445
103.92478491766397
104.20262197996017
104.47724113848916
104.748643677039
105.01683181251359
105.28180867783726
105.54357830470363
105.8021456061814
106.05751635919017
106.30969718685868
106.55869554077843
106.80451968316497
107.04717866893898
107.2866823277393
107.5230412458802
107.75626674826408
107.98637088026145
108.21336638956967
108.43726670806147
108.65808593363423
108.87583881207082
109.0905407189227
109.30220764142535
109.51085616045647
109.71650343254649
109.91916717195164
110.11886563279819
110.31561759130793
110.5094423281133
110.7003596106714
110.88838967578441
111.07355321223628
111.25587134355193
111.43536561088823
111.61205795606307
111.7859707047308
111.9571265497105
112.12554853447361
112.2912600367984
112.45428475259664
112.61464667991862
112.77237010314298
112.92747957735604
113.0799999129263
113.2299561602794
113.3773735948777
113.52227770240945
113.664694164192
113.80464884279273
113.94216776787155
114.07727712224901
114.2100032282028
114.34037253399612
114.46841160064086
114.59414708889787
114.71760574651717
114.83881439572004
114.9577999209254
115.07458925672172
115.18920937608635
115.30168727885382
115.41204998043388
115.52032450078053
115.62653785361276
115.73071703588748
115.83288901752526
115.93308073138877
116.03131906351436
116.12763084359622
116.222042835723
116.31458172936671
116.40527413062242
116.49414655369908
116.58122541265942
116.66653701340859
116.75010754592999
116.83196307676684
116.91212954174803
116.99063273895673
117.06749832193975
117.14275179315582
117.21641849766091
117.28852361702802
117.35909216349992
117.42814897437168
117.49571870660111
117.56182583164417
117.62649463051324
117.68974918905464
117.75161339344376
117.81211092589369
117.87126526057546
117.92909965974592
117.98563717008099
118.04090061921065
118.09491261245229
118.14769552973986
118.19927152274461
118.24966251218483
118.29889018532072
118.34697599363098
118.39394115066798
118.4398066300876
118.4845931638504
118.52832124059057
118.57101110414912
118.61268275226746
118.65335593543817
118.693050155909
118.73178466683669
118.76957847158681
118.80645032317618
118.84241872385411
118.87750192481889
118.91171792606592
118.94508447636379
118.97761907335506
119.00933896377755
119.0402611438032
119.07040235949059
119.09977910734773
119.12840763500186
119.15630394197207
119.18348378054232
119.20996265673053
119.23575583135114
119.260878321167
119.2853449001282
119.30917010069369
119.33236821523307
119.35495329750526
119.3769391642104
119.3983393966128
119.41916734223103
119.4394361165925
119.45915860504965
119.4783474646546
119.49701512608951
119.51517379564986
119.53283545727764
119.55001187464225
119.5667145932657
119.58295494269012
119.59874403868447
119.61409278548872
119.62901187809203
119.64351180454312
119.65760284829064
119.67129509055052
119.68459841269873
119.69752249868709
119.71007683747948
119.72227072550714
119.73411326914037
119.7456133871751
119.75677981333196
119.7676210987665
119.77814561458815
119.78836155438651
119.79827693676323
119.80789960786768
119.81723724393488
119.82629735382402
119.83508728155614
119.84361420884949
119.8518851576512
119.85990699266368
119.86768642386477
119.8752300090199
119.8825441561857
119.88963512620316
119.89650903517958
119.90317185695841
119.9096294255755
119.91588743770099
119.92195145506608
119.92782690687324
119.93351909218956
119.93903318232219
119.94437422317482
119.94954713758494
119.95455672764086
119.95940767697778
119.96410455305255
119.96865180939632
119.97305378784444
119.9773147207435
119.98143873313428
119.98542984491107
119.98929197295632
119.99302893325007
119.99664444295469
120.00014212247343
120.00352549748357
120.00679800094298
120.00996297507054
120.01302367329984
120.0159832622059
120.01884482340529
120.02161135542846
120.02428577556566
120.02687092168456
120.02936955402133
120.03178435694366
120.0341179406864
120.03637284305994
120.03855153113052
120.04065640287385
120.04268978880054
120.04465395355449
120.04655109748406
120.04838335818594
120.05015281202178
120.05186147560818
120.05351130727942
120.05510420852399
120.05664202539421
120.05812654988969
120.05955952131471
120.06094262760934
120.06227750665519
120.0635657475554
120.06480889188936
120.06600843494238
120.06716582691068
120.06828247408146
120.06935973998907
120.07039894654673
120.0714013751549
120.07236826778589
120.07330082804506
120.07420022220973
120.07506758024464
120.07590399679582
120.07671053216188
120.07748821324385
120.07823803447346
120.07896095872034
120.07965791817844
120.08032981523183
120.08097752330052
120.0816018876661
120.08220372627814
120.08278383054116
120.08334296608268
120.0838818735028
120.08440126910533
120.08490184561093
120.08538427285293
120.08584919845526
120.08629724849379
120.08672902814085
120.08714512229315
120.08754609618394
120.08793249597902
120.08830484935766
120.08866366607788
120.08900943852734
120.08934264225935
120.08966373651458
120.08997316472902
120.09027135502804
120.09055872070707
120.09083566069926
120.09110256003028
120.09135979026046
120.09160770991458
120.09184666490012
120.0920769889131
120.0922990038329
120.09251302010576
120.09271933711712
120.09291824355378
120.09311001775491
120.09329492805335
120.0934732331069
120.09364518221963
120.09381101565394
120.09397096493339
120.09412525313624
120.09427409518055
120.09441769810034
120.09455626131374
120.09468997688272
120.0948190297649
120.09494359805788
120.09506385323567
120.0951799603781
120.09529207839289
120.09540036023085
120.09550495309426
120.09560599863876
120.09570363316874
120.0957979878265
120.09588918877544
120.09597735737724
120.09606261036342
120.0961450600013
120.09622481425447
120.09630197693815
120.09637664786923
120.09644892301168
120.09651889461675
120.0965866513588
120.09665227846651
120.09671585784955
120.09677746822113
120.09683718521639
120.09689508150664
120.09695122690992
120.09700568849749
120.09705853069684
120.09710981539122
120.09715960201542
120.09720794764851
120.0972549071032
120.09730053301213
120.09734487591095
120.0973879843187
120.09742990481519
120.09747068211576
120.09751035914303
120.09754897709657
120.09758657551961
120.0976231923637
120.09765886405069
120.0976936255327
120.09772751034984
120.0977605506857
120.09779277742109
120.09782422018523
120.09785490740568
120.09788486635622
120.09791412320251
120.09794270304668
120.0979706299699
120.09799792707325
120.09802461651745
120.09805071956056
120.09807625659467
120.098101247181
120.09812571008365
120.09814966330217
120.09817312410256
120.09819610904763
120.09821863402559
120.09824071427788
120.09826236442586
120.09828359849628
120.09830442994604
120.0983248716857
120.09834493610227
120.09836463508081
120.09838398002567
120.09840298188028
120.09842165114664
120.09843999790363
120.09845803182502
120.09847576219639
120.09849319793142
120.09851034758769
120.09852721938174
120.09854382120345
120.09856016062989
120.0985762449387
120.09859208112066
120.09860767589205
120.09862303570624
120.09863816676499
120.09865307502918
120.09866776622897
120.09868224587402
120.09869651926253
120.09871059149053
120.09872446746057
120.09873815188993
120.09875164931864
120.09876496411707
120.09877810049322
120.09879106249974
120.09880385404065
120.09881647887755
120.09882894063605
120.09884124281132
120.09885338877386
120.09886538177489
120.09887722495138
120.09888892133104
120.09890047383698
120.0989118852922
120.09892315842389
120.09893429586752
120.09894530017077
120.09895617379738
120.09896691913053
120.09897753847648
120.09898803406769
120.0989984080661
120.09900866256599
120.09901879959685
120.0990288211263
120.09903872906244
120.09904852525646
120.09905821150511
120.09906778955286
120.09907726109407
120.09908662777518
120.0990958911965
120.0991050529144
120.09911411444278
120.09912307725504
120.09913194278568
120.09914071243173
120.09914938755453
120.09915796948086
120.09916645950453
120.09917485888758
120.09918316886167
120.09919139062896
120.09919952536367
120.09920757421281
120.09921553829749
120.0992234187136
120.09923121653313
120.09923893280471
120.09924656855479
120.09925412478823
120.0992616024892
120.09926900262184
120.09927632613113
120.09928357394345
120.09929074696723
120.09929784609359
120.09930487219702
120.09931182613589
120.09931870875288
120.09932552087565
120.0993322633174
120.09933893687703
120.09934554233996
120.09935208047831
120.09935855205143
120.09936495780626
120.09937129847769
120.099377574789
120.09938378745207
120.09938993716787
120.09939602462661
120.0994020505082
120.0994080154824
120.09941392020923
120.09941976533909
120.09942555151319
120.09943127936359
120.09943694951359
120.0994425625779
120.09944811916287
120.09945361986661
120.09945906527932
120.09946445598342
120.09946979255368
120.09947507555745
120.09948030555489
120.09948548309895
120.09949060873566
120.09949568300433
120.0995007064375
120.09950567956125
120.0995106028953
120.09951547695306
120.0995203022418
120.09952507926279
120.09952980851139
120.09953449047717
120.09953912564404
120.09954371449024
120.09954825748859
120.09955275510647
120.09955720780601
120.0995616160441
120.09956598027252
120.09957030093798
120.09957457848222
120.09957881334219
120.0995830059499
120.09958715673274
120.09959126611339
120.09959533450993
120.09959936233597
120.09960335000059
120.09960729790855
120.09961120646022
120.09961507605172
120.099618907075
120.09962269991777
120.09962645496374
120.09963017259253
120.09963385317972
120.09963749709706
120.09964110471233
120.09964467638952
120.09964821248877
120.09965171336657
120.09965517937565
120.0996586108651
120.09966200818042
120.09966537166355
120.09966870165289
120.09967199848343
120.09967526248663
120.0996784939906
120.09968169332006
120.09968486079653
120.09968799673814
120.09969110145978
120.09969417527323
120.09969721848694
120.09970023140637
120.09970321433389
120.09970616756866
120.099709091407
120.09971198614205
120.09971485206412
120.09971768946056
120.09972049861577
120.09972327981136
120.09972603332598
120.09972875943562
120.09973145841343
120.09973413052978
120.09973677605238
120.09973939524615
120.09974198837352
120.09974455569412
120.09974709746507
120.09974961394089
120.09975210537353
120.09975457201243
120.09975701410453
120.09975943189427
120.09976182562374
120.0997641955325
120.09976654185772
120.09976886483429
120.09977116469469
120.099773441669
120.09977569598519
120.09977792786876
120.09978013754306
120.09978232522923
120.09978449114611
120.09978663551041
120.09978875853673
120.09979086043742
120.09979294142275
120.09979500170097
120.09979704147815
120.09979906095832
120.09980106034355
120.09980303983383
120.09980499962717
120.0998069399196
120.0998088609052
120.09981076277613
120.09981264572261
120.09981450993301
120.09981635559375
120.09981818288946
120.0998199920029
120.09982178311505
120.09982355640498
120.09982531205013
120.099827050226
120.09982877110649
120.09983047486372
120.09983216166806
120.09983383168823
120.09983548509122
120.09983712204246
120.09983874270556
120.09984034724268
120.09984193581427
120.09984350857918
120.09984506569472
120.09984660731661
120.09984813359902
120.09984964469457
120.09985114075441
120.09985262192814
120.09985408836388
120.0998555402083
120.09985697760658
120.09985840070247
120.09985980963825
120.09986120455488
120.09986258559182
120.09986395288719
120.09986530657775
120.0998666467988
120.09986797368445
120.09986928736734
120.09987058797884
120.09987187564906
120.09987315050672
120.09987441267934
120.09987566229314
120.09987689947305
120.09987812434284
120.09987933702494
120.0998805376407
120.0998817263101
120.09988290315206
120.09988406828424
120.09988522182317
120.09988636388421
120.09988749458157
120.09988861402829
120.09988972233637
120.09989081961659
120.09989190597871
120.09989298153135
120.09989404638206
120.09989510063734
120.09989614440263
120.0998971777823
120.09989820087966
120.09989921379706
120.09990021663576
