0.1
0.16
0.22
0.28
0.34
0.4
0.46
0.52
0.58
0.64
0.7
0.76
0.82
0.88
0.9400000000000001
1.0
1.06
1.12
1.18
1.24
1.3
1.36
1.42
1.48
1.54
1.6
1.66
1.72
1.78
1.84
1.9
1.96
2.02
2.08
2.14
2.2
2.26
2.32
2.38
2.44
2.5
2.56
2.62
2.68
2.74
2.8
2.86
2.92
2.98
3.04
3.1
3.16
3.22
3.28
3.34
3.4
3.46
3.52
3.58
3.64
3.7
3.76
3.82
3.88
3.94
4.0
4.06
4.12
4.18
4.24
4.3
4.36
4.42
4.48
4.54
4.6
4.66
4.72
4.78
4.84
4.9
4.96
5.02
5.08
5.14
5.2
5.26
5.32
5.38
5.44
5.5
5.56
5.62
5.68
5.74
5.8
5.86
5.92
5.98
6.04
6.1
6.16
6.22
6.28
6.34
6.4
6.46
6.52
6.58
6.64
6.7
6.76
6.82
6.88
6.94
7.0
7.06
7.12
7.18
7.24
7.3
7.36
7.42
7.48
7.54
7.6
7.66
7.72
7.78
7.84
7.9
7.96
8.02
8.08
8.14
8.2
8.26
8.32
8.38
8.44
8.5
8.56
8.62
8.68
8.74
8.8
8.86
8.92
8.98
9.04
9.1
9.16
9.22
9.28
9.34
9.4
9.46
9.52
9.58
9.64
9.7
9.76
9.82
9.88
9.94
10.0
10.06
10.12
10.18
10.24
10.3
10.36
10.42
10.48
10.54
10.6
10.66
10.72
10.78
10.84
10.9
10.96
11.02
11.08
11.14
11.2
11.26
11.32
11.38
11.44
11.5
11.56
11.62
11.68
11.74
11.8
11.86
11.92
11.98
12.04
12.1
12.16
12.22
12.28
12.34
12.4
12.46
12.52
12.58
12.64
12.7
12.76
12.82
12.88
12.94
13.0
13.06
13.12
13.18
13.24
13.3
13.36
13.42
13.48
13.54
13.6
13.66
13.72
13.78
13.84
13.9
13.96
14.02
14.08
14.14
14.2
14.26
14.32
14.38
14.44
14.5
14.56
14.62
14.68
14.74
14.8
14.86
14.92
14.98
15.04
15.1
15.16
15.22
15.28
15.34
15.4
15.46
15.52
15.58
15.64
15.7
15.76
15.82
15.88
15.94
16.0
16.06
16.12
16.18
16.24
16.3
16.36
16.42
16.48
16.54
16.6
16.66
16.72
16.78
16.84
16.9
16.96
17.02
17.08
17.14
17.2
17.26
17.32
17.38
17.44
17.5
17.56
17.62
17.68
17.74
17.8
17.86
17.92
17.98
18.04
18.1
18.16
18.22
18.28
18.34
18.4
18.46
18.52
18.58
18.64
18.7
18.76
18.82
18.88
18.94
19.0
19.06
19.12
19.18
19.24
19.3
19.36
19.42
19.48
19.54
19.6
19.66
19.72
19.78
19.84
19.9
19.96
20.02
20.08
20.14
20.2
20.26
20.32
20.38
20.44
20.5
20.56
20.62
20.68
20.74
20.8
20.86
20.92
20.98
21.04
21.1
21.16
21.22
21.28
21.34
21.4
21.46
21.52
21.58
21.64
21.7
21.76
21.82
21.88
21.94
22.0
22.06
22.12
22.18
22.24
22.3
22.36
22.42
22.48
22.54
22.6
22.66
22.72
22.78
22.84
22.9
22.96
23.02
23.08
23.14
23.2
23.26
23.32
23.38
23.44
23.5
23.56
23.62
23.68
23.74
23.8
23.86
23.92
23.98
24.04
24.1
24.16
24.22
24.28
24.34
24.4
24.46
24.52
24.58
24.64
24.7
24.76
24.82
24.88
24.94
25.0
25.06
25.12
25.18
25.24
25.3
25.36
25.42
25.48
25.54
25.6
25.66
25.72
25.78
25.84
25.9
25.96
26.02
26.08
26.14
26.2
26.26
26.32
26.38
26.44
26.5
26.56
26.62
26.68
26.74
26.8
26.86
26.92
26.98
27.04
27.1
27.16
27.22
27.28
27.34
27.4
27.46
27.52
27.58
27.64
27.7
27.76
27.82
27.88
27.94
28.0
28.06
28.12
28.18
28.24
28.3
28.36
28.42
28.48
28.54
28.6
28.66
28.72
28.78
28.84
28.9
28.96
29.02
29.08
29.14
29.2
29.26
29.32
29.38
29.44
29.5
29.56
29.62
29.68
29.74
29.8
29.86
29.92
29.98
30.04
30.1
30.16
30.22
30.28
30.34
30.4
30.46
30.52
30.58
30.64
30.7
30.76
30.82
30.88
30.94
31.0
31.06
31.12
31.18
31.24
31.3
31.36
31.42
31.48
31.54
31.6
31.66
31.72
31.78
31.84
31.9
31.96
32.02
32.08
32.14
32.2
32.26
32.32
32.38
32.44
32.5
32.56
32.62
32.68
32.74
32.8
32.86
32.92
32.98
33.04
33.1
33.16
33.22
33.28
33.34
33.4
33.46
33.52
33.58
33.64
33.7
33.76
33.82
33.88
33.94
34.0
34.06
34.12
34.18
34.24
34.3
34.36
34.42
34.48
34.54
34.6
34.66
34.72
34.78
34.84
34.9
34.96
35.02
35.08
35.14
35.2
35.26
35.32
35.38
35.44
35.5
35.56
35.62
35.68
35.74
35.8
35.86
35.92
35.98
36.04
36.1
36.16
36.22
36.28
36.34
36.4
36.46
36.52
36.58
36.64
36.7
36.76
36.82
36.88
36.94
37.0
37.06
37.12
37.18
37.24
37.3
37.36
37.42
37.48
37.54
37.6
37.66
37.72
37.78
37.84
37.9
37.96
38.02
38.08
38.14
38.2
38.26
38.32
38.38
38.44
38.5
38.56
38.62
38.68
38.74
38.8
38.86
38.92
38.98
39.04
39.1
39.16
39.22
39.28
39.34
39.4
39.46
39.52
39.58
39.64
39.7
39.76
39.82
39.88
39.94
40.0
40.06
40.12
40.18
40.24
40.3
40.36
40.42
40.48
40.54
40.6
40.66
40.72
40.78
40.84
40.9
40.96
41.02
41.08
41.14
41.2
41.26
41.32
41.38
41.44
41.5
41.56
41.62
41.68
41.74
41.8
41.86
41.92
41.98
42.04
42.1
42.16
42.22
42.28
42.34
42.4
42.46
42.52
42.58
42.64
42.7
42.76
42.82
42.88
42.94
43.0
43.06
43.12
43.18
43.24
43.3
43.36
43.42
43.48
43.54
43.6
43.66
43.72
43.78
43.84
43.9
43.96
44.02
44.08
44.14
44.2
44.26
44.32
44.38
44.44
44.5
44.56
44.62
44.68
44.74
44.8
44.86
44.92
44.98
45.04
45.1
45.16
45.22
45.28
45.34
45.4
45.46
45.52
45.58
45.64
45.7
45.76
45.82
45.88
45.94
46.0
46.06
46.12
46.18
46.24
46.3
46.36
46.42
46.48
46.54
46.6
46.66
46.72
46.78
46.84
46.9
46.96
47.02
47.08
47.14
47.2
47.26
47.32
47.38
47.44
47.5
47.56
47.62
47.68
47.74
47.8
47.86
47.92
47.98
48.04
48.1
48.16
48.22
48.28
48.34
48.4
48.46
48.52
48.58
48.64
48.7
48.76
48.82
48.88
48.94
49.0
49.06
49.12
49.18
49.24
49.3
49.36
49.42
49.48
49.54
49.6
49.66
49.72
49.78
49.84
49.9
49.96
50.02
50.08
50.14
50.2
50.26
50.32
50.38
50.44
50.5
50.56
50.62
50.68
50.74
50.8
50.86
50.92
50.98
51.04
51.1
51.16
51.22
51.28
51.34
51.4
51.46
51.52
51.58
51.64
51.7
51.76
51.82
51.88
51.94
52.0
52.06
52.12
52.18
52.24
52.3
52.36
52.42
52.48
52.54
52.6
52.66
52.72
52.78
52.84
52.9
52.96
53.02
53.08
53.14
53.2
53.26
53.32
53.38
53.44
53.5
53.56
53.62
53.68
53.74
53.8
53.86
53.92
53.98
54.04
54.1
54.16
54.22
54.28
54.34
54.4
54.46
54.52
54.58
54.64
54.7
54.76
54.82
54.88
54.94
55.0
55.06
55.12
55.18
55.24
55.3
55.36
55.42
55.48
55.54
55.6
55.66
55.72
55.78
55.84
55.9
55.96
56.02
56.08
56.14
56.2
56.26
56.32
56.38
56.44
56.5
56.56
56.62
56.68
56.74
56.8
56.86
56.92
56.98
57.04
57.1
57.16
57.22
57.28
57.34
57.4
57.46
57.52
57.58
57.64
57.7
57.76
57.82
57.88
57.94
58.0
58.06
58.12
58.18
58.24
58.3
58.36
58.42
58.48
58.54
58.6
58.66
58.72
58.78
58.84
58.9
58.96
59.02
59.08
59.14
59.2
59.26
59.32
59.38
59.44
59.5
59.56
59.62
59.68
59.74
59.8
59.86
59.92
59.98
60.04
60.1
60.16
60.22
60.28
60.34
60.4
60.46
60.52
60.58
60.64
60.7
60.76
60.82
60.88
60.94
61.0
61.06
61.12
61.18
61.24
61.3
61.36
61.42
61.48
61.54
61.6
61.66
61.72
61.78
61.84
61.9
61.96
62.02
62.08
62.14
62.2
62.26
62.32
62.38
62.44
62.5
62.56
62.62
62.68
62.74
62.8
62.86
62.92
62.98
63.04
63.1
63.16
63.22
63.28
63.34
63.4
63.46
63.52
63.58
63.64
63.7
63.76
63.82
63.88
63.94
64.0
64.06
64.12
64.18
64.24
64.3
64.36
64.42
64.48
64.54
64.6
64.66
64.72
64.78
64.84
64.9
64.96
65.02
65.08
65.14
65.2
65.26
65.32
65.38
65.44
65.5
65.56
65.62
65.68
65.74
65.8
65.86
65.92
65.98
66.04
66.1
66.16
66.22
66.28
66.34
66.4
66.46
66.52
66.58
66.64
66.7
66.76
66.82
66.88
66.94
67.0
67.06
67.12
67.18
67.24
67.3
67.36
67.42
67.48
67.54
67.6
67.66
67.72
67.78
67.84
67.9
67.96
68.02
68.08
68.14
68.2
68.26
68.32
68.38
68.44
68.5
68.56
68.62
68.68
68.74
68.8
68.86
68.92
68.98
69.04
69.1
69.16
69.22
69.28
69.34
69.4
69.46
69.52
69.58
69.64
69.7
69.76
69.82
69.88
69.94
70.0
70.06
70.12
70.18
70.24
70.3
70.36
70.42
70.48
70.54
70.6
70.66
70.72
70.78
70.84
70.9
70.96
71.02
71.08
71.14
71.2
71.26
71.32
71.38
71.44
71.5
71.56
71.62
71.68
71.74
71.8
71.86
71.92
71.98
72.04
72.1
72.16
72.22
72.28
72.34
72.4
72.46
72.52
72.58
72.64
72.7
72.76
72.82
72.88
72.94
73.0
73.06
73.12
73.18
73.24
73.3
73.36
73.42
73.48
73.54
73.6
73.66
73.72
73.78
73.84
73.9
73.96
74.02
74.08
74.14
74.2
74.26
74.32
74.38
74.44
74.5
74.56
74.62
74.68
74.74
74.8
74.86
74.92
74.98
75.04
75.1
75.16
75.22
75.28
75.34
75.4
75.46
75.52
75.58
75.64
75.7
75.76
75.82
75.88
75.94
76.0
76.06
76.12
76.18
76.24
76.3
76.36
76.42
76.48
76.54
76.6
76.66
76.72
76.78
76.84
76.9
76.96
77.02
77.08
77.14
77.2
77.26
77.32
77.38
77.44
77.5
77.56
77.62
77.68
77.74
77.8
77.86
77.92
77.98
78.04
78.1
78.16
78.22
78.28
78.34
78.4
78.46
78.52
78.58
78.64
78.7
78.76
78.82
78.88
78.94
79.0
79.06
79.12
79.18
79.24
79.3
79.36
79.42
79.48
79.54
79.6
79.66
79.72
79.78
79.84
79.9
79.96
80.02
80.08
80.14
80.2
80.26
80.32
80.38
80.44
80.5
80.56
80.62
80.68
80.74
80.8
80.86
80.92
80.98
81.04
81.1
81.16
81.22
81.28
81.34
81.4
81.46
81.52
81.58
81.64
81.7
81.76
81.82
81.88
81.94
82.0
82.06
82.12
82.18
82.24
82.3
82.36
82.42
82.48
82.54
82.6
82.66
82.72
82.78
82.84
82.9
82.96
83.02
83.08
83.14
83.2
83.26
83.32
83.38
83.44
83.5
83.56
83.62
83.68
83.74
83.8
83.86
83.92
83.98
84.04
84.1
84.16
84.22
84.28
84.34
84.4
84.46
84.52
84.58
84.64
84.7
84.76
84.82
84.88
84.94
85.0
85.06
85.12
85.18
85.24
85.3
85.36
85.42
85.48
85.54
85.6
85.66
85.72
85.78
85.84
85.9
85.96
86.02
86.08
86.14
86.2
86.26
86.32
86.38
86.44
86.5
86.56
86.62
86.68
86.74
86.8
86.86
86.92
86.98
87.04
87.1
87.16
87.22
87.28
87.34
87.4
87.46
87.52
87.58
87.64
87.7
87.76
87.82
87.88
87.94
88.0
88.06
88.12
88.18
88.24
88.3
88.36
88.42
88.48
88.54
88.6
88.66
88.72
88.78
88.84
88.9
88.96
89.02
89.08
89.14
89.2
89.26
89.32
89.38
89.44
89.5
89.56
89.62
89.68
89.74
89.8
89.86
89.92
89.98
90.04
90.1
90.16
90.22
90.28
90.34
90.4
90.46
90.52
90.58
90.64
90.7
90.76
90.82
90.88
90.94
91.0
91.06
91.12
91.18
91.24
91.3
91.36
91.42
91.48
91.54
91.6
91.66
91.72
91.78
91.84
91.9
91.96
92.02
92.08
92.14
92.2
92.26
92.32
92.38
92.44
92.5
92.56
92.62
92.68
92.74
92.8
92.86
92.92
92.98
93.04
93.1
93.16
93.22
93.28
93.34
93.4
93.46
93.52
93.58
93.64
93.7
93.76
93.82
93.88
93.94
94.0
94.06
94.12
94.18
94.24
94.3
94.36
94.42
94.48
94.54
94.6
94.66
94.72
94.78
94.84
94.9
94.96
95.02
95.08
95.14
95.2
95.26
95.32
95.38
95.44
95.5
95.56
95.62
95.68
95.74
95.8
95.86
95.92
95.98
96.04
96.1
96.16
96.22
96.28
96.34
96.4
96.46
96.52
96.58
96.64
96.7
96.76
96.82
96.88
96.94
97.0
97.06
97.12
97.18
97.24
97.3
97.36
97.42
97.48
97.54
97.6
97.66
97.72
97.78
97.84
97.9
97.96
98.02
98.08
98.14
98.2
98.26
98.32
98.38
98.44
98.5
98.56
98.62
98.68
98.74
98.8
98.86
98.92
98.98
99.04
99.1
99.16
99.22
99.28
99.34
99.4
99.46
99.52
99.58
99.64
99.7
99.76
99.82
99.88
99.94
100.0
100.06
100.12
100.18
100.24
100.3
100.36
100.42
100.48
100.54
100.6
100.66
100.72
100.78
100.84
100.9
100.96
101.02
101.08
101.14
101.2
101.26
101.32
101.38
101.44
101.5
101.56
101.62
101.68
101.74
101.8
101.86
101.92
101.98
102.04
102.1
102.16
102.22
102.28
102.34
102.4
102.46
102.52
102.58
102.64
102.7
102.76
102.82
102.88
102.94
103.0
103.06
103.12
103.18
103.24
103.3
103.36
103.42
103.48
103.54
103.6
103.66
103.72
103.78
103.84
103.9
103.96
104.02
104.08
104.14
104.2
104.26
104.32
104.38
104.44
104.5
104.56
104.62
104.68
104.74
104.8
104.86
104.92
104.98
105.04
105.1
105.16
105.22
105.28
105.34
105.4
105.46
105.52
105.58
105.64
105.7
105.76
105.82
105.88
105.94
106.0
106.06
106.12
106.18
106.24
106.3
106.36
106.42
106.48
106.54
106.6
106.66
106.72
106.78
106.84
106.9
106.96
107.02
107.08
107.14
107.2
107.26
107.32
107.38
107.44
107.5
107.56
107.62
107.68
107.74
107.8
107.86
107.92
107.98
108.04
108.1
108.16
108.22
108.28
108.34
108.4
108.46
108.52
108.58
108.64
108.7
108.76
108.82
108.88
108.94
109.0
109.06
109.12
109.18
109.24
109.3
109.36
109.42
109.48
109.54
109.6
109.66
109.72
109.78
109.84
109.9
109.96
110.02
110.08
110.14
110.2
110.26
110.32
110.38
110.44
110.5
110.56
110.62
110.68
110.74
110.8
110.86
110.92
110.98
111.04
111.1
111.16
111.22
111.28
111.34
111.4
111.46
111.52
111.58
111.64
111.7
111.76
111.82
111.88
111.94
112.0
112.06
112.12
112.18
112.24
112.3
112.36
112.42
112.48
112.54
112.6
112.66
112.72
112.78
112.84
112.9
112.96
113.02
113.08
113.14
113.2
113.26
113.32
113.38
113.44
113.5
113.56
113.62
113.68
113.74
113.8
113.86
113.92
113.98
114.04
114.1
114.16
114.22
114.28
114.34
114.4
114.46
114.52
114.58
114.64
114.7
114.76
114.82
114.88
114.94
115.0
115.06
115.12
115.18
115.24
115.3
115.36
115.42
115.48
115.54
115.6
115.66
115.72
115.78
115.84
115.9
115.96
116.02
116.08
116.14
116.2
116.26
116.32
116.38
116.44
116.5
116.56
116.62
116.68
116.74
116.8
116.86
116.92
116.98
117.04
117.1
117.16
117.22
117.28
117.34
117.4
117.46
117.52
117.58
117.64
117.7
117.76
117.82
117.88
117.94
118.0
118.06
118.12
118.18
118.24
118.3
118.36
118.42
118.48
118.54
118.6
118.66
118.72
118.78
118.84
118.9
118.96
119.02
119.08
119.14
119.2
119.26
119.32
119.38
119.44
119.5
119.56
119.62
119.68
119.74
119.8
119.86
119.92
119.98
120.04
120.1
